1594201532198 0.4115721 0
1594201545278 0.6710507 0
1594201557359 -0.045208022 0
1594201573489 -0.46658328 0
1594201589272 -0.6159729 0
1594201601661 -0.13671021 0
1594201607716 0.92078334 0
1594201614010 -0.4789331 0
1594201619823 0.26626664 0
1594201628632 0.20088977 0
1594201634407 -0.1426579 0
1594201661859 -0.29397136 0
1594201667278 0.76193905 0
1594201681677 -0.18657319 0
1594201690639 -0.08013025 0
1594201695992 0.29382703 0
1594201713582 -0.84526056 0
1594201723795 0.97845167 0
1594201730963 -0.69774836 0
1594201742213 0.674572 0
