1594201532189 -0.1718695 0
1594201545262 -0.2511516 0
1594201557342 -0.8847823 0
1594201573474 -0.22323519 0
1594201589255 -0.5416202 0
1594201601644 0.376852 0
1594201607702 -0.026246201 0
1594201613998 -0.53168124 0
1594201619812 0.2961585 0
1594201628616 -0.20654166 0
1594201634375 0.91394913 0
1594201661835 -0.034679607 0
1594201667263 -0.096543476 0
1594201681633 0.389744 0
1594201690623 -0.61195946 0
1594201695978 0.5652283 0
1594201713565 -0.82339233 0
1594201723780 -0.27797705 0
1594201730949 0.38023832 0
1594201742196 -0.83738196 0
