1594201532221 -0.0986255027334793 0
1594201545324 -0.09862674190770128 0
1594201557417 -0.09862559858720472 0
1594201573518 -0.09862597939971557 0
1594201589325 -0.09862597940196619 0
1594201601715 -0.09862559858462085 0
1594201607770 -0.09862058937772317 0
1594201614049 -0.0986205938961741 0
1594201619851 -0.09862059039820922 0
1594201628683 -0.09862056613393444 0
1594201634432 -0.09862054504976092 0
1594201661894 -0.09862058968442675 0
1594201667325 -0.09862059015052949 0
1594201681740 -0.0986205917182963 0
1594201690674 -0.09862059283794475 0
1594201696033 -0.09862059329587694 0
1594201713633 -0.09862059519326656 0
1594201723839 -0.09862059638800628 0
1594201731014 -0.09862059713516627 0
1594201742265 -0.09862059868771925 0
