1594201532428 0.08200500884536893 0
1594201545530 0.08200508671414115 0
1594201557597 0.08200510395738791 0
1594201573700 0.08200512271185859 0
1594201589508 0.08200515418195399 0
1594201601885 0.08200516834247637 0
1594201607968 0.08200517424317973 0
1594201614245 0.08200518021015527 0
1594201620086 0.08200518577787658 0
1594201628856 0.08200519457749213 0
1594201634630 0.08200519989779095 0
1594201662059 0.06689773283929196 0
1594201667537 0.06707645479388545 0
1594201681943 0.0670773473380639 0
1594201690861 0.06707746987068505 0
1594201696237 0.06707756365141598 0
1594201713811 0.06707754693777768 0
1594201724026 0.08964474975699847 0
1594201731195 0.0896447776016731 0
1594201742444 0.08964482460340154 0
