1594201532205 0.5918221649289045 0
1594201545293 0.5917393073929904 0
1594201557377 0.5917393461494056 0
1594201573502 0.5917393648155727 0
1594201589288 0.5917393504680007 0
1594201601680 0.591739305978686 0
1594201607731 0.5917395648058278 0
1594201614022 0.5917395965212433 0
1594201619831 0.5917396079933348 0
1594201628649 0.591739677131815 0
1594201634416 0.5917400329787873 0
1594201661881 0.5917404572479037 0
1594201667294 0.5917404584540268 0
1594201681704 0.5917404609945057 0
1594201690654 0.5917404631436672 0
1594201696006 0.5917404643692606 0
1594201713598 0.5917404687613566 0
1594201723807 0.5917404712109269 0
1594201730980 0.5917404728450875 0
1594201742230 0.5917404756035491 0
