1594201532268 0.3690546101853492 0
1594201545384 0.36905461018535135 0
1594201557470 0.36905461018535135 0
1594201573559 0.36905461018535135 0
1594201589369 0.36905461018535135 0
1594201601758 0.36905461018535135 0
1594201607826 0.36905461018535135 0
1594201614109 0.36905461018535135 0
1594201619910 0.36905461018535135 0
1594201628730 0.36905461018535135 0
1594201634477 0.36905461018535135 0
1594201661932 0.36905461018535135 0
1594201667380 0.36905461018535135 0
1594201681786 0.36905461018535135 0
1594201690713 0.36905461018535135 0
1594201696094 0.36905461018535135 0
1594201713683 0.36905461018535135 0
1594201723897 0.36905461018535135 0
1594201731063 0.36905461018535135 0
1594201742312 0.36905461018535135 0
