1594201532369 -0.3121745184495505 0
1594201545486 -0.312174526913227 0
1594201557555 -0.312174535203036 0
1594201573652 -0.31217455227875923 0
1594201589462 -0.31217456032603663 0
1594201601843 -0.3121745685459603 0
1594201607923 -0.31633408070860924 0
1594201614197 -0.3161881170122323 0
1594201620030 -0.316188975826282 0
1594201628813 -0.3161908580764191 0
1594201634580 -0.31619131515863563 0
1594201662018 -0.3161929828625878 0
1594201667489 -0.3161929569042821 0
1594201681890 -0.31619311462531446 0
1594201690811 -0.3161930570632125 0
1594201696184 -0.31619303338860355 0
1594201713768 -0.31619301289995727 0
1594201723984 -0.316193018178738 0
1594201731153 -0.31619302202522065 0
1594201742401 -0.31619302833396346 0
