1594201532410 0.4273880704684204 0
1594201545515 0.4273797685738241 0
1594201557583 0.42736738888496273 0
1594201573684 0.42735040776412575 0
1594201589493 0.42733383422391596 0
1594201601872 0.4273210193446773 0
1594201607954 0.09438512795604616 0
1594201614228 0.10969516138052711 0
1594201620068 0.10969471341080413 0
1594201628841 0.10969202115284542 0
1594201634615 0.10969180940339214 0
1594201662046 0.10968663384232374 0
1594201667522 0.10968667237648032 0
1594201681927 0.10968463825123775 0
1594201690844 0.10968472407570445 0
1594201696219 0.10968476230142223 0
1594201713798 0.10968481326294034 0
1594201724011 0.10968482620503835 0
1594201731181 0.10968483981896442 0
1594201742430 0.10968486761052598 0
