1594201532387 -0.0025962675945398177 0
1594201545500 -0.0025960847243999777 0
1594201557569 -0.0025962990503776615 0
1594201573668 -0.002596092393276082 0
1594201589477 -0.0025961188970298693 0
1594201601858 -0.002595943683499087 0
1594201607939 -0.0027432652413198985 0
1594201614211 -0.0029380820674648825 0
1594201620047 -0.0028797820634576836 0
1594201628828 -0.0027445362969158687 0
1594201634596 -0.002718159086364637 0
1594201662032 -0.0026104901260003157 0
1594201667503 -0.0026122271785550236 0
1594201681910 -0.0026069109084738275 0
1594201690827 -0.002610719735480475 0
1594201696202 -0.0026123378103032335 0
1594201713784 -0.0026136633896050063 0
1594201723996 -0.0026133040334225467 0
1594201731167 -0.002613053616459245 0
1594201742417 -0.0026126536286868616 0
