1594201532276 -0.08127241244757118 0
1594201545391 -0.08127241244754253 0
1594201557477 -0.08127241244754253 0
1594201573567 -0.08127241244754253 0
1594201589376 -0.08127241244754253 0
1594201601765 -0.08127241244754253 0
1594201607834 -0.08127241244754253 0
1594201614116 -0.08127241244754253 0
1594201619923 -0.08127241244754253 0
1594201628737 -0.08127241244754253 0
1594201634486 -0.08127241244754253 0
1594201661940 -0.08127241244754253 0
1594201667391 -0.08127241244754253 0
1594201681793 -0.08127241244754253 0
1594201690722 -0.08127241244754253 0
1594201696101 -0.08127241244754253 0
1594201713691 -0.08127241244754253 0
1594201723904 -0.08127241244754253 0
1594201731070 -0.08127241244754253 0
1594201742320 -0.08127241244754253 0
