1594201532356 0.5765454713798835 0
1594201545479 0.5765451473400124 0
1594201557548 0.5765446478883026 0
1594201573644 0.5765439752692676 0
1594201589455 0.5765433271577222 0
1594201601836 0.5765428305826517 0
1594201607916 0.5667670883737784 0
1594201614190 0.5663854080594269 0
1594201620019 0.5663880348664554 0
1594201628806 0.5663938855478534 0
1594201634569 0.5663950769178824 0
1594201662012 0.5663997843765128 0
1594201667477 0.5663997192786722 0
1594201681881 0.5663998891937216 0
1594201690803 0.5663997516950013 0
1594201696178 0.5663996869894441 0
1594201713762 0.5663996430904403 0
1594201723977 0.5663996587657686 0
1594201731145 0.5663996685697564 0
1594201742395 0.566399683698116 0
