1594201532333 0.0010429083306031628 0
1594201545454 0.0010428145531714455 0
1594201557528 0.001042756667239028 0
1594201573620 0.0010426934364643232 0
1594201589431 0.0010426460155429937 0
1594201601815 0.0010426157430799621 0
1594201607892 0.0010426046780474948 0
1594201614170 0.0010425940866470803 0
1594201619992 0.0010425845510483897 0
1594201628786 0.0010425709403847514 0
1594201634545 0.0010425634816549996 0
1594201661991 0.001042531608026365 0
1594201667453 0.0010425271211868534 0
1594201681853 0.0010425153521284925 0
1594201690780 0.001042509934705575 0
1594201696153 0.0010425063915189478 0
1594201713741 0.001042497058211124 0
1594201723954 0.0010424894898758673 0
1594201731120 0.0010424842577271866 0
1594201742369 0.0010424763825255161 0
