1594201532438 -0.07900850689079704 0
1594201545537 -0.07900849982994478 0
1594201557603 -0.07900850091875737 0
1594201573707 -0.07900850122268485 0
1594201589516 -0.07900851254409803 0
1594201601894 -0.07900851382619412 0
1594201607980 -0.07900851436044702 0
1594201614251 -0.07900851490070163 0
1594201620097 -0.07900851540480866 0
1594201628863 -0.07900851620153711 0
1594201634636 -0.07900851668324531 0
1594201662066 -0.07900848914780309 0
1594201667544 -0.07900831067467369 0
1594201681951 -0.07900836788244814 0
1594201690870 -0.07900837333582328 0
1594201696245 -0.07900837874151227 0
1594201713818 -0.07900836363459691 0
1594201724032 -0.07900851925913455 0
1594201731201 -0.07900851962205319 0
1594201742452 -0.07900852023328227 0
