1594201532294 -0.005052667684374692 0
1594201545409 -0.005052667684374692 0
1594201557489 -0.005052667684374692 0
1594201573583 -0.005052667684374692 0
1594201589391 -0.005052667684374692 0
1594201601780 -0.005052667684374692 0
1594201607849 -0.005052667684374692 0
1594201614129 -0.005052667684374692 0
1594201619945 -0.005052667684374692 0
1594201628751 -0.005052667684374692 0
1594201634501 -0.005052667684374692 0
1594201661955 -0.005052667684374692 0
1594201667406 -0.005052667684374692 0
1594201681811 -0.005052667684374692 0
1594201690737 -0.005052667684374692 0
1594201696114 -0.005052667684374692 0
1594201713706 -0.005052667684374692 0
1594201723920 -0.005052667684374692 0
1594201731085 -0.005052667684374692 0
1594201742332 -0.005052667684374692 0
