1594201532400 -0.005144384664313704 0
1594201545506 -0.005144132121596728 0
1594201557576 -0.0051445288710509915 0
1594201573676 -0.00514470118596912 0
1594201589485 -0.005144283911861552 0
1594201601865 -0.0051437833689522245 0
1594201607945 -0.005476482294777087 0
1594201614218 -0.005909984166519163 0
1594201620060 -0.005778003768602299 0
1594201628834 -0.005476659370384167 0
1594201634604 -0.005417127433572959 0
1594201662039 -0.0051743863836030265 0
1594201667510 -0.005177665097562859 0
1594201681919 -0.005167978224510305 0
1594201690836 -0.005174894089019904 0
1594201696212 -0.0051781718745512045 0
1594201713791 -0.005180385607462591 0
1594201724004 -0.0051796157682267325 0
1594201731174 -0.0051791440153041894 0
1594201742424 -0.005178431884166087 0
