1594201532417 0.37261059900397475 0
1594201545522 0.37261040939797047 0
1594201557590 0.3726104000792712 0
1594201573691 0.37261037883406106 0
1594201589500 0.37261047926205415 0
1594201601878 0.3726104766179132 0
1594201607961 0.37261047551609394 0
1594201614236 0.3726104744018978 0
1594201620077 0.37261047336225095 0
1594201628849 0.37261047171911765 0
1594201634622 0.372610470725669 0
1594201662054 0.37645268043439234 0
1594201667531 0.3772987257521918 0
1594201681935 0.3772981171656744 0
1594201690854 0.37729803495583014 0
1594201696230 0.37729797503015605 0
1594201713804 0.377298022824979 0
1594201724019 0.348956838402914 0
1594201731187 0.3489568480934132 0
1594201742437 0.34895686446656043 0
