1594201532260 0.46497364717158396 0
1594201545376 0.4649736471715949 0
1594201557463 0.4649736471715949 0
1594201573551 0.4649736471715949 0
1594201589361 0.4649736471715949 0
1594201601751 0.4649736471715949 0
1594201607818 0.4649736471715949 0
1594201614102 0.4649736471715949 0
1594201619896 0.4649736471715949 0
1594201628723 0.4649736471715949 0
1594201634467 0.4649736471715949 0
1594201661926 0.4649736471715949 0
1594201667372 0.4649736471715949 0
1594201681779 0.4649736471715949 0
1594201690706 0.4649736471715949 0
1594201696088 0.4649736471715949 0
1594201713676 0.4649736471715949 0
1594201723891 0.4649736471715949 0
1594201731057 0.4649736471715949 0
1594201742305 0.4649736471715949 0
