1594201532239 -0.0022602425799524337 0
1594201545357 -0.0022379069909097033 0
1594201557444 -0.002274485265659105 0
1594201573535 -0.0022954580022739434 0
1594201589346 -0.002295457573796046 0
1594201601736 -0.002274485297182093 0
1594201607802 -0.0024435600109094717 0
1594201614074 -0.0024439170890895165 0
1594201619874 -0.002443859768258487 0
1594201628708 -0.0024566680072578367 0
1594201634451 -0.0024417806994310952 0
1594201661911 -0.00244256796706736 0
1594201667354 -0.002442564552083958 0
1594201681762 -0.0024425532383806924 0
1594201690690 -0.0024425462326495852 0
1594201696062 -0.0024425435069733072 0
1594201713662 -0.002442529523693772 0
1594201723877 -0.002442520111323219 0
1594201731042 -0.0024425152132440363 0
1594201742290 -0.0024425048468031964 0
