1594201532286 -0.0025545173054242953 0
1594201545401 -0.0025545173054242953 0
1594201557484 -0.0025545173054242953 0
1594201573575 -0.0025545173054242953 0
1594201589384 -0.0025545173054242953 0
1594201601773 -0.0025545173054242953 0
1594201607842 -0.0025545173054242953 0
1594201614122 -0.0025545173054242953 0
1594201619932 -0.0025545173054242953 0
1594201628744 -0.0025545173054242953 0
1594201634495 -0.0025545173054242953 0
1594201661947 -0.0025545173054242953 0
1594201667400 -0.0025545173054242953 0
1594201681801 -0.0025545173054242953 0
1594201690729 -0.0025545173054242953 0
1594201696108 -0.0025545173054242953 0
1594201713699 -0.0025545173054242953 0
1594201723912 -0.0025545173054242953 0
1594201731078 -0.0025545173054242953 0
1594201742326 -0.0025545173054242953 0
