1594201532311 0.3614005967309484 0
1594201545424 0.36140059286838355 0
1594201557506 0.3614005890934914 0
1594201573597 0.36140058381989043 0
1594201589407 0.3614005785829084 0
1594201601794 0.36140057448249513 0
1594201607867 0.3614005727126631 0
1594201614147 0.3614005708863754 0
1594201619963 0.36140056914872654 0
1594201628766 0.3614005663311615 0
1594201634519 0.3614005645842065 0
1594201661968 0.36140055538107824 0
1594201667424 0.36140055378380276 0
1594201681827 0.36140054902555496 0
1594201690756 0.361400546168634 0
1594201696128 0.3614005445379682 0
1594201713720 0.36140053867895666 0
1594201723933 0.36140053541734096 0
1594201731098 0.3614005332435595 0
1594201742348 0.36140052957203556 0
