1594201532447 3.135179425079136 0
1594201545545 3.1351859217765523 0
1594201557611 3.135185672369195 0
1594201573715 3.1351858381816915 0
1594201589523 3.1351804660037073 0
1594201601900 3.1351801178769967 0
1594201607992 3.135179970923842 0
1594201614259 3.1351798242762996 0
1594201620108 3.1351796864635575 0
1594201628870 3.1351794697140978 0
1594201634648 3.1351793398901515 0
1594201662073 3.135181929773141 0
1594201667550 3.135126383273204 0
1594201681959 3.135140915504253 0
1594201690877 3.1351427092714026 0
1594201696252 3.135143987629492 0
1594201713825 3.135141478130962 0
1594201724040 3.1351750421360567 0
1594201731209 3.1351751392932172 0
1594201742461 3.135175305251939 0
