1594201532326 -0.0959268938920791 0
1594201545445 -0.09592689209028987 0
1594201557519 -0.0959268903476793 0
1594201573613 -0.09592688835950133 0
1594201589422 -0.09592688678894168 0
1594201601809 -0.09592688578533294 0
1594201607881 -0.09592688540205721 0
1594201614162 -0.09592688503509346 0
1594201619982 -0.09592688471165321 0
1594201628778 -0.09592688423349824 0
1594201634534 -0.0959268839636357 0
1594201661984 -0.09592688282300267 0
1594201667441 -0.0959268826650538 0
1594201681843 -0.09592688225087778 0
1594201690773 -0.09592688203817185 0
1594201696146 -0.09592688192701007 0
1594201713734 -0.09592688158375633 0
1594201723947 -0.09592688151614452 0
1594201731112 -0.09592688148999513 0
1594201742361 -0.09592688144490048 0
