1594201532465 -1.1667098942830907 0
1594201545558 -1.166705324983909 0
1594201557625 -1.1667006564075828 0
1594201573730 -1.1666949040286565 0
1594201589540 -1.1666893900866424 0
1594201601915 -1.1666867041049889 0
1594201608010 -1.166685510949385 0
1594201614273 -1.1666843834631693 0
1594201620125 -1.166683256165099 0
1594201628883 -1.166681532171009 0
1594201634664 -1.16668057021355 0
1594201662089 -1.3188271989052074 0
1594201667565 -1.2689293565807915 0
1594201681975 -1.2689391632726081 0
1594201690894 -1.2689430880306676 0
1594201696267 -1.2689452184828944 0
1594201713840 -1.2689555187446062 0
1594201724054 -2.0734665021896572 0
1594201731224 -2.073468854156996 0
1594201742477 -2.0734730260986542 0
