1594201532350 -1.2694289485535706 0
1594201545472 -1.2694289484565853 0
1594201557542 -1.269429115057 0
1594201573638 -1.269429114970889 0
1594201589447 -1.2694292108964669 0
1594201601829 -1.2694292815387487 0
1594201607909 -1.2694292815227275 0
1594201614183 -1.2694293774996288 0
1594201620010 -1.26942937748604 0
1594201628800 -1.2694293774661682 0
1594201634562 -1.2694293774550567 0
1594201662004 -1.2694295440850791 0
1594201667470 -1.2694295440785741 0
1594201681872 -1.2694295440613224 0
1594201690797 -1.26942964004504 0
1594201696169 -1.2694297107251775 0
1594201713756 -1.2694297107111345 0
1594201723968 -1.269429806694982 0
1594201731134 -1.2694298066894913 0
1594201742387 -1.2694298773659765 0
