1594201532304 2.658876484683159 0
1594201545418 2.658876484683159 0
1594201557497 2.658876484683159 0
1594201573591 2.658876484683159 0
1594201589398 2.658876484683159 0
1594201601788 2.658876484683159 0
1594201607859 2.658876484683159 0
1594201614136 2.658876484683159 0
1594201619955 2.658876484683159 0
1594201628758 2.658876484683159 0
1594201634512 2.658876484683159 0
1594201661961 2.658876484683159 0
1594201667416 2.658876484683159 0
1594201681819 2.658876484683159 0
1594201690746 2.658876484683159 0
1594201696121 2.658876484683159 0
1594201713714 2.658876484683159 0
1594201723926 2.658876484683159 0
1594201731092 2.658876484683159 0
1594201742340 2.658876484683159 0
