1594201532213 -0.13202624441581742 0
1594201545309 -0.13194771119673998 0
1594201557394 -0.13194771812566525 0
1594201573511 -0.13194763709604093 0
1594201589305 -0.13194762005256533 0
1594201601697 -0.13194767040218425 0
1594201607750 -0.13194782720446924 0
1594201614035 -0.13194783670084628 0
1594201619843 -0.13194784167698317 0
1594201628666 -0.1319478364016308 0
1594201634422 -0.13194805812447316 0
1594201661887 -0.13194828560403501 0
1594201667310 -0.13194828622887064 0
1594201681733 -0.13194828750731033 0
1594201690667 -0.131948288594117 0
1594201696019 -0.13194828922790924 0
1594201713616 -0.1319482914818239 0
1594201723824 -0.1319482927284253 0
1594201730997 -0.13194829356139462 0
1594201742247 -0.13194829494428603 0
