1594201532454 -0.035121853805434394 0
1594201545551 -0.035128222909214246 0
1594201557619 -0.035128598529661735 0
1594201573721 -0.035129121630210904 0
1594201589531 -0.03512797675130101 0
1594201601907 -0.03512831479675797 0
1594201608002 -0.035128453239543576 0
1594201614267 -0.03512859622026372 0
1594201620116 -0.035128728911909594 0
1594201628876 -0.03512893777185858 0
1594201634656 -0.03512906592955295 0
1594201662082 -0.035215877199934464 0
1594201667557 -0.03496874386948654 0
1594201681967 -0.0350141869711126 0
1594201690886 -0.0350193786050336 0
1594201696261 -0.03502362075377082 0
1594201713832 -0.03501798522343713 0
1594201724048 -0.03513715003596057 0
1594201731216 -0.035137549862293345 0
1594201742469 -0.035138227655802504 0
