1594201532252 3.07188065220661 0
1594201545366 3.0755806600539035 0
1594201557455 3.0755817072042935 0
1594201573543 3.075582989274085 0
1594201589354 3.0755843594356924 0
1594201601744 3.0755855312076315 0
1594201607810 3.075584564092003 0
1594201614089 3.0755837455389363 0
1594201619887 3.0755834341236405 0
1594201628715 3.0755820869889927 0
1594201634460 3.0755709793790333 0
1594201661919 3.0755585097076747 0
1594201667365 3.0755584724401346 0
1594201681771 3.0755583978566925 0
1594201690697 3.0755583307530983 0
1594201696077 3.0755583009324137 0
1594201713669 3.075558166752132 0
1594201723884 3.075558092197271 0
1594201731050 3.075558047461582 0
1594201742298 3.075557965432664 0
