1594201532342 -0.0014842658788213846 0
1594201545461 -0.0014842133477371822 0
1594201557535 -0.0014841485883096666 0
1594201573628 -0.0014840734193100166 0
1594201589438 -0.0014840129880621066 0
1594201601822 -0.0014839743799614326 0
1594201607900 -0.0014839593962902404 0
1594201614177 -0.001483944998685597 0
1594201620000 -0.0014839325031011119 0
1594201628792 -0.0014839137556241912 0
1594201634553 -0.0014839030558719006 0
1594201661997 -0.0014838580318829188 0
1594201667462 -0.0014838519386328804 0
1594201681861 -0.0014838355939427576 0
1594201690789 -0.0014838269281855344 0
1594201696161 -0.0014838228521974154 0
1594201713748 -0.0014838091956491217 0
1594201723961 -0.001483803848605208 0
1594201731126 -0.0014838007618966308 0
1594201742380 -0.0014837958278155873 0
