1594201532318 0.27646919354043353 0
1594201545435 0.27646918996011893 0
1594201557513 0.27646918646249935 0
1594201573606 0.27646918168680135 0
1594201589416 0.27646917704436896 0
1594201601801 0.27646917346569067 0
1594201607873 0.2764691719333542 0
1594201614153 0.27646917035937135 0
1594201619974 0.27646916886812734 0
1594201628771 0.27646916646157116 0
1594201634529 0.2764691649760488 0
1594201661975 0.27646915722013393 0
1594201667434 0.2764691558840208 0
1594201681836 0.2764691519177462 0
1594201690764 0.27646914954524093 0
1594201696136 0.27646914819367185 0
1594201713728 0.27646914335128087 0
1594201723941 0.2764691406624574 0
1594201731104 0.27646913887192753 0
1594201742354 0.27646913585038624 0
