1594201532231 -0.0013944145270827154 0
1594201545340 -0.0013599459650099456 0
1594201557432 -0.001371802831377896 0
1594201573526 -0.0013245050875621042 0
1594201589337 -0.0013245055112099113 0
1594201601729 -0.001371802671415796 0
1594201607786 -0.001412079247307963 0
1594201614061 -0.0014123355227081788 0
1594201619862 -0.001413464432702009 0
1594201628701 -0.0013977326833576218 0
1594201634440 -0.0014119621697535163 0
1594201661901 -0.0014116502634960578 0
1594201667340 -0.0014116236570674158 0
1594201681753 -0.0014115334354895277 0
1594201690681 -0.0014114680072442464 0
1594201696048 -0.0014114412706747281 0
1594201713652 -0.001411332427792339 0
1594201723859 -0.001411264507393578 0
1594201731033 -0.0014112210513871901 0
1594201742284 -0.001411131138859866 0
