1594201532380 -0.08090474362712292 0
1594201545493 -0.08090473977803886 0
1594201557562 -0.08090474067174835 0
1594201573659 -0.08090475412521464 0
1594201589469 -0.08090473744667653 0
1594201601851 -0.08090474282440101 0
1594201607931 -0.08090457563363893 0
1594201614204 -0.08090420931366434 0
1594201620040 -0.0809042672642234 0
1594201628821 -0.08090451101735742 0
1594201634589 -0.08090454547150493 0
1594201662025 -0.08090476159372731 0
1594201667495 -0.08090476936301376 0
1594201681897 -0.0809047375050553 0
1594201690820 -0.08090476089699616 0
1594201696194 -0.08090476292440385 0
1594201713776 -0.08090477556337586 0
1594201723990 -0.08090477608833774 0
1594201731160 -0.08090477495204258 0
1594201742409 -0.08090477215492817 0
