1594201532181 -0.6758828 0
1594201545247 -0.20725335 0
1594201557324 -0.89916915 0
1594201573447 0.5742064 0
1594201589237 0.5378264 0
1594201601627 -0.40726516 0
1594201607689 -0.46848422 0
1594201613986 -0.35712618 0
1594201619800 -0.5568577 0
1594201628599 0.57104725 0
1594201634348 -0.7985826 0
1594201661799 0.27949193 0
1594201667248 0.08933683 0
1594201681600 0.7553526 0
1594201690598 0.29157925 0
1594201695967 -0.73940855 0
1594201713550 0.49024627 0
1594201723768 0.11521682 0
1594201730932 -0.3125868 0
1594201742178 0.66538537 0
