1594201532171 -0.24188651 0
1594201545232 0.36719993 0
1594201557306 -0.882122 0
1594201573419 0.6342516 0
1594201589216 -0.22927855 0
1594201601607 -0.8658715 0
1594201607675 0.012608735 0
1594201613972 0.60549027 0
1594201619793 0.6215281 0
1594201628582 -0.035520572 0
1594201634312 -0.8936933 0
1594201661771 -0.81640196 0
1594201667233 -0.54175484 0
1594201681585 -0.82343656 0
1594201690563 0.77222794 0
1594201695954 -0.86288923 0
1594201713534 -0.46192667 0
1594201723752 -0.40668347 0
1594201730915 0.88829184 0
1594201742161 0.61384773 0
