1594201953579 0.8237802 0
1594201958927 0.980283 0
1594201970065 0.49906975 0
1594201975707 0.061700277 0
1594201983711 -0.6706925 0
1594201991747 -0.64552367 0
1594202000084 0.53184646 0
1594202004720 0.8426284 0
1594202009280 -0.21798249 0
1594202014877 0.26169625 0
1594202020365 -0.3843627 0
1594202025283 0.7075799 0
1594202033810 0.23891945 0
1594202038436 -0.4924058 0
1594202046586 -0.6744449 0
1594202051250 0.19317824 0
1594202056261 0.26949212 0
1594202066802 0.99664 0
1594202076243 0.9724935 0
1594202081386 -0.8322949 0
