1594201953571 0.5251219 0
1594201958910 0.69067156 0
1594201970050 0.9881246 0
1594201975691 -0.66758907 0
1594201983697 -0.7669869 0
1594201991734 -0.10769601 0
1594202000069 -0.19693762 0
1594202004696 -0.15795991 0
1594202009266 0.7972363 0
1594202014860 -0.44905514 0
1594202020347 0.011041675 0
1594202025266 -0.25207117 0
1594202033793 -0.7375724 0
1594202038423 0.5783264 0
1594202046573 0.5170119 0
1594202051234 -0.70561534 0
1594202056249 0.004880076 0
1594202066787 0.35074258 0
1594202076226 0.13939452 0
1594202081368 0.98375565 0
