1594201953634 -0.5737836884127597 0
1594201959013 -0.5736041315377629 0
1594201970150 -0.5731918067273093 0
1594201975798 -0.5729999803054976 0
1594201983805 -0.5727797291923451 0
1594201991832 -0.5725926156925867 0
1594202000174 -0.5723111864873554 0
1594202004778 -0.5721701486491001 0
1594202009368 -0.5721043632997677 0
1594202014963 -0.5718341239320038 0
1594202020457 -0.5716452241165815 0
1594202025368 -0.5715564467988378 0
1594202033892 -0.57153657845815 0
1594202038524 -0.6508865021585246 0
1594202046674 -0.6496576446944224 0
1594202051334 -0.6989987277732184 0
1594202056347 -0.6986631953229132 0
1594202066899 -0.6978126232099284 0
1594202076331 -0.6970728379329353 0
1594202081472 -0.696699859392737 0
