1594201953807 -0.27131917143187806 0
1594201959196 -0.27131456064782905 0
1594201970316 -0.27130398977863385 0
1594201975982 -0.27129904148134937 0
1594201983972 -0.2541322926829913 0
1594201992020 -0.2532956879157738 0
1594202000355 -0.25223214084366585 0
1594202004958 -0.2517239168486971 0
1594202009551 -0.25146427084297157 0
1594202015152 -0.25103096421389265 0
1594202020639 -0.2503777370217843 0
1594202025564 -0.25010686494759143 0
1594202034067 -0.24959888054500085 0
1594202038689 -0.2494106021221045 0
1594202046867 -0.24902799871032902 0
1594202051501 -0.24887199767734433 0
1594202056536 -0.24870190768726497 0
1594202067058 -0.2483355488385711 0
1594202076515 -0.2480763028730824 0
1594202081660 -0.24796881816712465 0
