1594201953742 -0.38970619687780805 0
1594201959123 -0.38970617873903113 0
1594201970251 -0.38970619048892213 0
1594201975910 -0.3897062175957947 0
1594201983904 -0.3897062164704175 0
1594201991946 -0.38970618156377956 0
1594202000283 -0.38970620858900834 0
1594202004889 -0.3897062081012094 0
1594202009480 -0.38970620682049834 0
1594202015077 -0.3897061521986359 0
1594202020567 -0.3897061665831691 0
1594202025492 -0.38970614691149913 0
1594202033996 -0.3897061918805201 0
1594202038624 -0.3897062433734094 0
1594202046799 -0.38970623445990826 0
1594202051434 -0.38970622797436916 0
1594202056463 -0.38970622790046333 0
1594202066996 -0.38970622058680593 0
1594202076440 -0.3897062176652678 0
1594202081586 -0.38970621922891335 0
