1594201953684 2.2814800355228866 0
1594201959065 2.2814800355228866 0
1594201970195 2.2814800355228866 0
1594201975849 2.2814800355228866 0
1594201983846 2.2814799403912307 0
1594201991882 2.2814799443358798 0
1594202000220 2.2814799480216967 0
1594202004826 2.281479947762864 0
1594202009416 2.2859442229398916 0
1594202015012 1.5663403418130128 0
1594202020504 1.566340346541391 0
1594202025418 1.566340346541391 0
1594202033937 1.566340346541391 0
1594202038567 1.566340346541391 0
1594202046729 1.566340346541391 0
1594202051378 1.566340346541391 0
1594202056394 1.566340346541391 0
1594202066941 1.566340346541391 0
1594202076378 1.566340346541391 0
1594202081523 1.566340346541391 0
