1594201953606 -0.08104333875400258 0
1594201958976 -0.0810433462562282 0
1594201970112 -0.08104336345077935 0
1594201975755 -0.08104337146959194 0
1594201983758 -0.08104338205131668 0
1594201991790 -0.08104339961918114 0
1594202000136 -0.08104341117765154 0
1594202004747 -0.08104341794240652 0
1594202009324 -0.08104341007504083 0
1594202014926 -0.08104343230430211 0
1594202020415 -0.08104343924110813 0
1594202025332 -0.08104343154774596 0
1594202033862 -0.08104343169739102 0
1594202038483 -0.08104644418557026 0
1594202046634 -0.08104650183625713 0
1594202051296 -0.08104300907653815 0
1594202056307 -0.0810430230339871 0
1594202066851 -0.08104305769896676 0
1594202076301 -0.08104308856180673 0
1594202081433 -0.0810431043916302 0
