1594201953660 -0.08070853305493404 0
1594201959039 -0.08070853305328508 0
1594201970173 -0.08070853305328508 0
1594201975825 -0.08070853305328508 0
1594201983825 -0.08070853400326365 0
1594201991854 -0.08070853401601241 0
1594202000198 -0.08070853403527369 0
1594202004802 -0.08070853404451818 0
1594202009391 -0.08074265053131988 0
1594202014986 -0.08071037937338049 0
1594202020480 -0.08071037650886981 0
1594202025391 -0.08071037650888958 0
1594202033914 -0.08071037651099496 0
1594202038545 -0.08071037651113096 0
1594202046701 -0.08071037651168592 0
1594202051355 -0.08071037651183782 0
1594202056369 -0.08071037651215868 0
1594202066919 -0.08071037651280304 0
1594202076353 -0.08071037651336359 0
1594202081497 -0.08071037651364797 0
