1594201953771 -2.3277944062918228 0
1594201959157 -2.3277942407272634 0
1594201970280 -2.327793691652338 0
1594201975942 -2.327793443207623 0
1594201983937 -2.3277931363331805 0
1594201991977 -2.327792783452082 0
1594202000315 -2.3277923056088206 0
1594202004922 -2.3277920762102657 0
1594202009511 -2.327791890117689 0
1594202015109 -2.327791593344411 0
1594202020600 -2.327791083136441 0
1594202025524 -2.3277909531517675 0
1594202034028 -2.327790527817381 0
1594202038652 -2.327790250620743 0
1594202046832 -2.3277902983655996 0
1594202051465 -2.3277901120151343 0
1594202056494 -2.327789995930322 0
1594202067022 -2.3277895846204038 0
1594202076472 -2.3277892854719346 0
1594202081619 -2.3277890521501075 0
