1594201953600 -0.2113985672299405 0
1594201958961 -0.2113987554994595 0
1594201970096 -0.21139918766955518 0
1594201975739 -0.21139938953633544 0
1594201983741 -0.2113995128906615 0
1594201991775 -0.2113993096089476 0
1594202000117 -0.21139914396598924 0
1594202004739 -0.21139906655570315 0
1594202009307 -0.21139901875946876 0
1594202014908 -0.21139923118058057 0
1594202020397 -0.2113991360170904 0
1594202025316 -0.21139904551998023 0
1594202033845 -0.21139866638729313 0
1594202038465 -0.23124501705273154 0
1594202046618 -0.23124735869225158 0
1594202051280 -0.23091146597491913 0
1594202056291 -0.23091193511943922 0
1594202066835 -0.23091315285150435 0
1594202076282 -0.2309142015995814 0
1594202081417 -0.23091473446768315 0
