1594201953765 -0.04590135797572913 0
1594201959150 -0.045901513306797564 0
1594201970273 -0.04590133007989261 0
1594201975934 -0.04590060734570057 0
1594201983929 -0.045900538442249485 0
1594201991969 -0.0459013415252816 0
1594202000307 -0.04590054962974992 0
1594202004915 -0.04590048046862442 0
1594202009503 -0.04590051652636787 0
1594202015101 -0.04590146999192183 0
1594202020591 -0.04590132533243456 0
1594202025517 -0.04590151177265444 0
1594202034020 -0.045900533694022805 0
1594202038645 -0.045900040952091783 0
1594202046825 -0.045900212821819636 0
1594202051457 -0.04590017148525738 0
1594202056485 -0.045900210568723274 0
1594202067016 -0.045900166721564 0
1594202076463 -0.04590017192864985 0
1594202081609 -0.0459001909048899 0
