1594201953815 0.5080331576970598 0
1594201959203 0.5080411709424408 0
1594201970323 0.5080595787680096 0
1594201975990 0.5080682435662218 0
1594201983978 0.4939914693629776 0
1594201992028 0.49423046311483176 0
1594202000366 0.49454112013105395 0
1594202004964 0.49468968468729724 0
1594202009560 0.49476521054427164 0
1594202015161 0.4948978959246409 0
1594202020648 0.4950877213489779 0
1594202025572 0.4951799893522006 0
1594202034077 0.49593259478989415 0
1594202038695 0.49625790383557034 0
1594202046874 0.4970507416624024 0
1594202051510 0.49742864121090374 0
1594202056544 0.49783488797010716 0
1594202067065 0.4988242574492911 0
1594202076523 0.4996775163265981 0
1594202081668 0.500100160844611 0
