1594201953641 0.3614434521923196 0
1594201959020 0.3614434521926808 0
1594201970160 0.3614434521926808 0
1594201975805 0.3614434521926808 0
1594201983811 0.3614434519938177 0
1594201991839 0.3614434522406511 0
1594202000181 0.3614434525108386 0
1594202004788 0.3614434526405003 0
1594202009376 0.36215464875016073 0
1594202014971 0.3482843555758553 0
1594202020464 0.3482843549504781 0
1594202025375 0.3482843549504968 0
1594202033900 0.3482843549532018 0
1594202038531 0.34828435495454935 0
1594202046686 0.34828435495810744 0
1594202051342 0.3482843549596308 0
1594202056354 0.3482843549614579 0
1594202066906 0.34828435496607335 0
1594202076338 0.34828435497010474 0
1594202081480 0.348284354972107 0
