1594201953616 2.5988287831595147 0
1594201958990 2.5990070577962774 0
1594201970127 2.599416463288881 0
1594201975773 2.599606935649694 0
1594201983774 2.599824644958307 0
1594201991807 2.600006929755671 0
1594202000153 2.600282029229459 0
1594202004760 2.6004199769947305 0
1594202009340 2.600483934794903 0
1594202014941 2.6007518672832943 0
1594202020432 2.600936648764199 0
1594202025352 2.6010228008910024 0
1594202033878 2.6010387534604527 0
1594202038502 2.6657258527406835 0
1594202046650 2.6669558911126114 0
1594202051310 2.5911681197565 0
1594202056323 2.591501350037659 0
1594202066866 2.592346362400214 0
1594202076315 2.593081239657692 0
1594202081451 2.5934517983680543 0
