1594201953652 -0.09652848175662164 0
1594201959031 -0.09652848175651027 0
1594201970167 -0.09652848175651027 0
1594201975815 -0.09652848175651027 0
1594201983818 -0.09652848034859561 0
1594201991847 -0.09652848051294383 0
1594202000189 -0.0965284806905825 0
1594202004794 -0.09652848077583079 0
1594202009384 -0.09700478941448745 0
1594202014979 -0.07900285005022342 0
1594202020472 -0.07900285181369816 0
1594202025382 -0.07900285181378595 0
1594202033908 -0.07900285182665362 0
1594202038537 -0.07900285183139122 0
1594202046693 -0.07900285184428636 0
1594202051349 -0.07900285184962176 0
1594202056362 -0.0790028518563614 0
1594202066912 -0.07900285187279411 0
1594202076345 -0.07900285188715919 0
1594202081487 -0.07900285189435433 0
