1594201953729 0.36852460648474167 0
1594201959109 0.36851982449845166 0
1594201970237 0.36850893526584216 0
1594201975896 0.3685039189388801 0
1594201983888 0.36849697733261066 0
1594201991929 0.3684920952533105 0
1594202000268 0.3684856794094627 0
1594202004874 0.36848251707713564 0
1594202009465 0.368480719143544 0
1594202015060 0.3684782669806509 0
1594202020553 0.36847385241588626 0
1594202025477 0.36847092518784025 0
1594202033981 0.36858312728315473 0
1594202038610 0.3686316705741835 0
1594202046782 0.36875818963312335 0
1594202051420 0.36881490612945705 0
1594202056445 0.36888103258966565 0
1594202066982 0.3690442837388156 0
1594202076424 0.3691874625965 0
1594202081570 0.3692592350275178 0
