1594201953785 0.14798294215564065 0
1594201959174 0.147982912608079 0
1594201970293 0.14798284481195198 0
1594201975958 0.14798281197208416 0
1594201983949 0.14772415141795203 0
1594201991992 0.14772695706479624 0
1594202000330 0.14773047843345186 0
1594202004936 0.1477321788264723 0
1594202009526 0.14773307189345047 0
1594202015124 0.14773497603237978 0
1594202020615 0.1477372010612959 0
1594202025541 0.14773829266723185 0
1594202034043 0.1477358465399423 0
1594202038666 0.1477348048940082 0
1594202046845 0.14773092123195475 0
1594202051479 0.14772982006835889 0
1594202056510 0.1477276378868923 0
1594202067036 0.14772197210199772 0
1594202076490 0.14771667163575022 0
1594202081635 0.1477138939570868 0
