1594201953778 0.5428101248817211 0
1594201959165 0.5428097885623512 0
1594201970287 0.542809019432458 0
1594201975950 0.5428086551757629 0
1594201983944 0.5422077902006207 0
1594201991985 0.5422266683218165 0
1594202000321 0.5422503029712491 0
1594202004929 0.5422616086195956 0
1594202009519 0.5422673902447618 0
1594202015116 0.5422767962304696 0
1594202020607 0.5422914243734033 0
1594202025532 0.5422966755017891 0
1594202034037 0.5422712750282547 0
1594202038659 0.5422593404885542 0
1594202046838 0.5422263384895267 0
1594202051472 0.5422108534370425 0
1594202056502 0.5421928959145788 0
1594202067030 0.542147244054641 0
1594202076481 0.5421055925628071 0
1594202081626 0.5420841182945689 0
