1594201953699 0.23098416574949646 0
1594201959080 0.23098449645103097 0
1594201970208 0.23098525110994364 0
1594201975863 0.2309856008360019 0
1594201983861 0.23097884299062402 0
1594201991897 0.23097978095392302 0
1594202000237 0.2309809450750372 0
1594202004842 0.23098149955486438 0
1594202009430 0.23098178113772255 0
1594202015029 0.23098220962276353 0
1594202020520 0.23098292085192368 0
1594202025437 0.2309831573831604 0
1594202033950 0.23097818976492449 0
1594202038583 0.23097606059275816 0
1594202046745 0.23097053686399685 0
1594202051392 0.23096803413680816 0
1594202056409 0.23096514431088205 0
1594202066953 0.23095800333735886 0
1594202076393 0.23095173087423163 0
1594202081540 0.23094858405272115 0
