1594201953712 0.000955042732190223 0
1594201959094 0.0009550679854475825 0
1594201970223 0.0009550695017869991 0
1594201975878 0.0009550693048953351 0
1594201983875 0.0025087249608409523 0
1594201991913 0.0022994268034220782 0
1594202000251 0.0020368619537959416 0
1594202004858 0.0019127189868436251 0
1594202009446 0.0018534842198328501 0
1594202015044 0.0017568609021051866 0
1594202020534 0.0016012628274056232 0
1594202025459 0.0015545653038226087 0
1594202033966 0.001568938438243726 0
1594202038596 0.0015694768850292309 0
1594202046764 0.0015694245089802193 0
1594202051407 0.0015694027394122518 0
1594202056427 0.0015693801836697736 0
1594202066968 0.0015693318875918396 0
1594202076409 0.001569298472974305 0
1594202081555 0.0015692858605420889 0
