1594201953624 1.4941315497732524 0
1594201959003 1.4941470818314766 0
1594201970142 1.4941824469645286 0
1594201975789 1.4941989402370397 0
1594201983789 1.4942174509234873 0
1594201991822 1.4942305408833418 0
1594202000167 1.4942543461567248 0
1594202004770 1.4942659630554143 0
1594202009355 1.4942742199462757 0
1594202014955 1.4942944818726032 0
1594202020446 1.4943107220719902 0
1594202025361 1.4943209400258997 0
1594202033884 1.4943223895826163 0
1594202038516 1.4993741944600267 0
1594202046667 1.4994615852539592 0
1594202051326 1.4934590425623582 0
1594202056337 1.4934883972195014 0
1594202066891 1.493563332512332 0
1594202076323 1.4936281557592543 0
1594202081465 1.4936609049922054 0
