1594201953750 -0.06914565544934159 0
1594201959130 -0.0691456516951682 0
1594201970259 -0.0691456553214462 0
1594201975919 -0.06914565409543916 0
1594201983911 -0.06914565560940762 0
1594201991953 -0.06914565538379296 0
1594202000291 -0.06914565561351865 0
1594202004897 -0.06914565541637363 0
1594202009488 -0.06914565447304664 0
1594202015083 -0.06914565200667709 0
1594202020576 -0.06914565536551708 0
1594202025499 -0.06914565230364736 0
1594202034005 -0.06914565486937346 0
1594202038630 -0.06914561221220465 0
1594202046805 -0.06914561293461498 0
1594202051442 -0.06914561947378003 0
1594202056471 -0.06914561757646495 0
1594202067002 -0.0691456204671447 0
1594202076447 -0.06914562013467034 0
1594202081593 -0.06914561703066385 0
