1594201953800 0.30301252367019316 0
1594201959188 0.3030112805777525 0
1594201970308 0.30300839284228465 0
1594201975973 0.30300705266726363 0
1594201983965 0.3070874714199461 0
1594201992013 0.30738973462916525 0
1594202000345 0.3077740263616613 0
1594202004951 0.30795745761803117 0
1594202009543 0.30805152407578035 0
1594202015143 0.3082073568588601 0
1594202020631 0.308442959666833 0
1594202025556 0.30853529461277157 0
1594202034059 0.30863963128811245 0
1594202038681 0.30867837128052356 0
1594202046861 0.308743446351149 0
1594202051493 0.3087699165406411 0
1594202056528 0.30879467292278656 0
1594202067051 0.3088389779278056 0
1594202076506 0.30885800001566666 0
1594202081652 0.30886028048168107 0
