1594201953590 0.5090620452245438 0
1594201958943 0.5090620232721651 0
1594201970080 0.5090619740260358 0
1594201975721 0.5090619515676249 0
1594201983727 0.5090618501273687 0
1594201991762 0.5090615388504451 0
1594202000101 0.5090611983776292 0
1594202004730 0.5090610295124376 0
1594202009294 0.5090609684916413 0
1594202014892 0.5090608639726084 0
1594202020380 0.5090606481015579 0
1594202025298 0.5090605421185791 0
1594202033827 0.5090602745029569 0
1594202038448 0.5639436511987042 0
1594202046604 0.5639439640639208 0
1594202051266 0.563862008836153 0
1594202056277 0.5638620203601479 0
1594202066819 0.5638620621447017 0
1594202076263 0.5638620938940346 0
1594202081403 0.5638621106741746 0
