1594201953691 0.5388659132933863 0
1594201959072 0.5388658968964946 0
1594201970202 0.5388658596510042 0
1594201975855 0.5388658422663111 0
1594201983854 0.5388660284745602 0
1594201991888 0.5388660885252988 0
1594202000229 0.5388661796957113 0
1594202004834 0.5388662241155138 0
1594202009422 0.5388662607455474 0
1594202015020 0.5388662937362174 0
1594202020512 0.5388663565617681 0
1594202025426 0.5388664184112839 0
1594202033944 0.5388646317838955 0
1594202038576 0.5388638541567473 0
1594202046736 0.5388618308178255 0
1594202051385 0.5388609235843357 0
1594202056401 0.5388598665106255 0
1594202066948 0.5388572574642886 0
1594202076385 0.5388549701078013 0
1594202081532 0.5388538243221456 0
