1594201953720 -0.00146288194706294 0
1594201959102 -0.0014629212845705343 0
1594201970230 -0.0014629251646956665 0
1594201975887 -0.0014629139330263764 0
1594201983882 -0.002008555022752186 0
1594201991920 -0.0019221700193784057 0
1594202000260 -0.0018117946048485968 0
1594202004865 -0.001759805841597655 0
1594202009456 -0.0017333929596623767 0
1594202015052 -0.001694325204055714 0
1594202020543 -0.001628973146186626 0
1594202025468 -0.0016095043383651366 0
1594202033973 -0.0016142268467134366 0
1594202038603 -0.001614534644999875 0
1594202046771 -0.001614533109971593 0
1594202051414 -0.0016145350624372852 0
1594202056435 -0.0016145393151559542 0
1594202066976 -0.0016145587503207715 0
1594202076417 -0.001614588464959562 0
1594202081563 -0.0016146078078871759 0
