1594201953705 -0.09570045320347248 0
1594201959087 -0.09570045307708464 0
1594201970215 -0.09570045289441127 0
1594201975870 -0.09570045292918807 0
1594201983867 -0.09568017249173182 0
1594201991905 -0.095683473860642 0
1594202000244 -0.09568757866821931 0
1594202004850 -0.09568952307109566 0
1594202009438 -0.0956904202714897 0
1594202015036 -0.09569195979395426 0
1594202020527 -0.09569439411470125 0
1594202025446 -0.09569512451433584 0
1594202033958 -0.09569494861802756 0
1594202038589 -0.09569494273108624 0
1594202046755 -0.0956949439521506 0
1594202051399 -0.09569494454114491 0
1594202056417 -0.0956949452101889 0
1594202066960 -0.09569494696513384 0
1594202076402 -0.09569494867271962 0
1594202081547 -0.09569494956114757 0
