1594201953735 0.7016008427067114 0
1594201959115 0.7016008311613297 0
1594201970245 0.7016008416529894 0
1594201975902 0.701600837143051 0
1594201983896 0.7016008375064156 0
1594201991939 0.7016008400228425 0
1594202000275 0.7016008361841485 0
1594202004882 0.7016008365390725 0
1594202009472 0.7016008357833048 0
1594202015068 0.7016008256485086 0
1594202020559 0.701600837939567 0
1594202025485 0.70160082608847 0
1594202033988 0.7016008328538852 0
1594202038617 0.7016008664965807 0
1594202046790 0.7016008632091666 0
1594202051427 0.7016008577780397 0
1594202056453 0.7016008601308188 0
1594202066989 0.7016008544193264 0
1594202076432 0.7016008531100228 0
1594202081578 0.7016008594572165 0
