1594201953669 3.0074425074146744 0
1594201959047 3.0074425074146744 0
1594201970180 3.0074425074146744 0
1594201975832 3.0074425074146744 0
1594201983833 3.0074425494685073 0
1594201991861 3.007442561041044 0
1594202000206 3.007442570852298 0
1594202004810 3.0074425690910154 0
1594202009398 3.019877019951769 0
1594202014995 3.008147444551212 0
1594202020487 3.0081474349220354 0
1594202025398 3.0081474349220354 0
1594202033921 3.0081474349220354 0
1594202038553 3.0081474349220354 0
1594202046709 3.0081474349220354 0
1594202051363 3.0081474349220354 0
1594202056377 3.0081474349220354 0
1594202066926 3.0081474349220354 0
1594202076361 3.0081474349220354 0
1594202081506 3.0081474349220354 0
