1594201953757 -1.5443545475869074 0
1594201959139 -1.5443538805528065 0
1594201970267 -1.5443545465220505 0
1594201975927 -1.5443550656140763 0
1594201983920 -1.5443551339203105 0
1594201991961 -1.5443545676863464 0
1594202000300 -1.5443551528646893 0
1594202004906 -1.5443552189513234 0
1594202009495 -1.5443551456566718 0
1594202015091 -1.5443539084659457 0
1594202020584 -1.5443545900053512 0
1594202025507 -1.544353845753584 0
1594202034013 -1.5443551774025686 0
1594202038637 -1.5443570813992316 0
1594202046817 -1.544356787066417 0
1594202051450 -1.5443566804112894 0
1594202056477 -1.5443567004208059 0
1594202067009 -1.5443565049005457 0
1594202076456 -1.544356511043396 0
1594202081601 -1.5443567988025553 0
