1594201953793 -0.0573918857905133 0
1594201959180 -0.05739202761919736 0
1594201970300 -0.05739235085619088 0
1594201975966 -0.0573925019380791 0
1594201983957 -0.05746684980258639 0
1594201992004 -0.05746534854368754 0
1594202000338 -0.057463477058179904 0
1594202004943 -0.05746260819587896 0
1594202009534 -0.057462152783272394 0
1594202015133 -0.05746145030027595 0
1594202020623 -0.057460372195124024 0
1594202025549 -0.05746020683911109 0
1594202034051 -0.05746350511682725 0
1594202038675 -0.0574647265059816 0
1594202046853 -0.057467924848458425 0
1594202051486 -0.057469233914594194 0
1594202056519 -0.057470876368513266 0
1594202067043 -0.05747488991037784 0
1594202076498 -0.05747837653841185 0
1594202081644 -0.05748011671315184 0
