1594201953676 0.3503099479503849 0
1594201959055 0.3503099479503849 0
1594201970188 0.3503099479503849 0
1594201975840 0.3503099479503849 0
1594201983840 0.35030982862980814 0
1594201991871 0.3503098013780408 0
1594202000214 0.3503097733435227 0
1594202004819 0.3503097725607722 0
1594202009406 0.310687218353605 0
1594202015005 0.34803988412724046 0
1594202020495 0.34803979079487013 0
1594202025406 0.34803979079487013 0
1594202033929 0.34803979079487013 0
1594202038560 0.34803979079487013 0
1594202046719 0.34803979079487013 0
1594202051371 0.34803979079487013 0
1594202056385 0.34803979079487013 0
1594202066933 0.34803979079487013 0
1594202076370 0.34803979079487013 0
1594202081516 0.34803979079487013 0
