1594201953561 -0.18685856 0
1594201958898 -0.7820082 0
1594201970035 0.14558138 0
1594201975677 -0.24482016 0
1594201983681 0.21174693 0
1594201991721 0.97018313 0
1594202000052 0.9710889 0
1594202004661 -0.6524247 0
1594202009252 -0.13833818 0
1594202014847 -0.031454578 0
1594202020333 -0.39867297 0
1594202025247 -0.097232476 0
1594202033774 0.59835607 0
1594202038406 -0.33005014 0
1594202046557 0.9687502 0
1594202051221 -0.55524707 0
1594202056234 -0.24514744 0
1594202066770 0.976026 0
1594202076209 0.9111188 0
1594202081351 -0.040632725 0
