1594201953547 -0.614479 0
1594201958879 -0.19785301 0
1594201970019 -0.8443533 0
1594201975663 0.97026336 0
1594201983667 0.24981862 0
1594201991703 -0.289232 0
1594202000037 -0.39593267 0
1594202004618 -0.95855796 0
1594202009239 -0.68787414 0
1594202014829 -0.8399648 0
1594202020316 0.9605854 0
1594202025230 -0.04862146 0
1594202033757 0.90560514 0
1594202038389 -0.60035753 0
1594202046542 0.16955835 0
1594202051204 0.41452333 0
1594202056220 0.9961797 0
1594202066757 0.14192636 0
1594202076192 -0.50489026 0
1594202081334 0.22569309 0
