1594200473352 0.96231157 0
1594200479346 -0.24230446 0
1594200487690 0.5994647 0
1594200495433 -0.1103019 0
1594200500747 0.8221207 0
1594200507548 -0.47492412 0
1594200517495 -0.7338581 0
1594200525512 -0.7776419 0
1594200532637 -0.7890155 0
1594200540371 -0.83235776 0
1594200547191 0.98149663 0
1594200552810 0.11291202 0
1594200558392 0.69639057 0
1594200565173 0.55464035 0
1594200573334 0.6340094 0
1594200591286 -0.5135688 0
1594200593941 -0.3012058 0
1594200597721 0.06491084 0
1594200606843 -0.979115 0
1594200615722 -0.36994192 0
