1594200473358 0.30082035 0
1594200479362 0.76493216 0
1594200487705 0.013137052 0
1594200495450 -0.81971973 0
1594200500759 0.5987694 0
1594200507573 0.56780964 0
1594200517509 0.45637912 0
1594200525528 -0.6924399 0
1594200532665 -0.2545808 0
1594200540396 -0.9625591 0
1594200547211 0.58776104 0
1594200552830 -0.7509142 0
1594200558412 -0.37808505 0
1594200565193 -0.94006896 0
1594200573345 -0.5960246 0
1594200591302 0.6378291 0
1594200593960 0.5021277 0
1594200597737 -0.19915013 0
1594200606859 0.8720355 0
1594200615736 -0.02672589 0
