1594200473457 -0.09853641247745709 0
1594200479506 -0.09853641247748285 0
1594200487867 -0.09853641247752278 0
1594200495598 -0.09853641247755507 0
1594200500922 -0.09853641247758092 0
1594200507759 -0.09853641247760678 0
1594200517679 -0.09853578715796724 0
1594200525714 -0.09853578715822786 0
1594200532803 -0.09853578715842494 0
1594200540529 -0.09853578715866654 0
1594200547398 -0.09853578715885093 0
1594200552980 -0.09853578715903533 0
1594200558549 -0.09853578715923247 0
1594200565395 -0.0985265282275019 0
1594200573503 -0.09852652742652857 0
1594200591462 -0.09852652766321247 0
1594200594131 -0.09852652525030783 0
1594200597899 -0.09852648292270548 0
1594200607055 -0.09852648340066666 0
1594200615917 -0.09852648644215606 0
