1594200473406 0.5352634359130292 0
1594200479455 0.5352613006975109 0
1594200487804 0.5352579367477053 0
1594200495540 0.5352551040282971 0
1594200500865 0.535253088708331 0
1594200507651 0.5352509175592356 0
1594200517615 0.5352481889450827 0
1594200525637 0.35838909492097176 0
1594200532734 0.3583883951765188 0
1594200540466 0.35838748677832766 0
1594200547316 0.36905678239651424 0
1594200552914 0.3606493148075396 0
1594200558485 0.3606475245111472 0
1594200565303 0.3606420734143188 0
1594200573432 0.36063656040602005 0
1594200591398 0.3606237609507718 0
1594200594060 0.3292328076250246 0
1594200597835 0.32924081967709456 0
1594200606964 0.3293243289272067 0
1594200615828 0.32934338465217416 0
