1594200473425 3.1413254155728345 0
1594200479474 3.1413248927717 0
1594200487832 3.1413257730898487 0
1594200495562 3.141325447420592 0
1594200500887 3.1413255304384666 0
1594200507690 3.141326736117859 0
1594200517640 3.141325526097128 0
1594200525661 3.1413249973124366 0
1594200532762 3.141325322608336 0
1594200540490 3.1413254282036758 0
1594200547352 3.1413200597437845 0
1594200552940 3.1414099356633454 0
1594200558512 3.1413361490319605 0
1594200565341 3.141348877394466 0
1594200573464 3.1413926630372155 0
1594200591420 3.1413488901830298 0
1594200594085 3.1413420929385714 0
1594200597858 3.1413441997312557 0
1594200607003 3.1413357758560756 0
1594200615858 3.141338062366163 0
