1594200473393 -0.04599247360980038 0
1594200479442 -0.04599332750841434 0
1594200487781 -0.04599333540661901 0
1594200495526 -0.04599246990492173 0
1594200500843 -0.045993324034121624 0
1594200507620 -0.045993380055550995 0
1594200517595 -0.04599245601641215 0
1594200525617 -0.045993636130617306 0
1594200532718 -0.04599350519221283 0
1594200540446 -0.05266009747037643 0
1594200547294 -0.04599745677085894 0
1594200552896 -0.04599744602663831 0
1594200558466 -0.04599751595093049 0
1594200565275 -0.04599749147010106 0
1594200573409 -0.05782831945549858 0
1594200591381 -0.05351643510427409 0
1594200594041 -0.05254264327293171 0
1594200597818 -0.04599357837858095 0
1594200606942 -0.04599390415341028 0
1594200615811 -0.045993908342624915 0
