1594200473412 0.03272675742390684 0
1594200479461 0.032725902400463906 0
1594200487815 0.03272450494214627 0
1594200495546 0.03272335957675896 0
1594200500871 0.03272254013996722 0
1594200507666 0.03272161401302395 0
1594200517622 0.032720539162189956 0
1594200525645 -0.1968666659778289 0
1594200532745 -0.19686687686744866 0
1594200540475 -0.19686714187806703 0
1594200547326 -0.18468677391814045 0
1594200552923 -0.2094519662777573 0
1594200558494 -0.20946880298048462 0
1594200565317 -0.20949456183284554 0
1594200573443 -0.2095201302439993 0
1594200591405 -0.20958594859524168 0
1594200594069 -0.2686830048830664 0
1594200597844 -0.2686866913284439 0
1594200606976 -0.26881081703369974 0
1594200615836 -0.26881963137972603 0
