1594200473450 0.30597258897836527 0
1594200479500 0.30597239205511584 0
1594200487860 0.3059720871945905 0
1594200495592 0.30597179675376435 0
1594200500915 0.30597159993235806 0
1594200507749 0.3059714031377449 0
1594200517671 0.2615394349946618 0
1594200525700 0.26153928518535047 0
1594200532796 0.26153917193188314 0
1594200540522 0.26153903312500604 0
1594200547387 0.2615389272082252 0
1594200552973 0.26153882130424055 0
1594200558542 0.2615387081106814 0
1594200565385 0.2617834375211638 0
1594200573496 0.26178306327451656 0
1594200591456 0.2617820210293639 0
1594200594120 0.26178190609365765 0
1594200597890 0.3022400657843552 0
1594200607047 0.3022406181315815 0
1594200615909 0.3022413051125671 0
