1594200473470 -0.0026847864108685074 0
1594200479519 -0.0026847864357399513 0
1594200487880 -0.002684786427012857 0
1594200495613 -0.0026847864091114754 0
1594200500936 -0.0026847864473786166 0
1594200507787 -0.0026847864722515783 0
1594200517698 -0.002639949571481885 0
1594200525747 -0.002639949434095296 0
1594200532818 -0.002639949676923604 0
1594200540546 -0.0026399495373361907 0
1594200547417 -0.002639949557921793 0
1594200552997 -0.002639949402525019 0
1594200558565 -0.0026399496349992914 0
1594200565420 -0.0024614361434406318 0
1594200573520 -0.00246127711849616 0
1594200591479 -0.0024613248000139344 0
1594200594146 -0.0024610890339140184 0
1594200597914 -0.0024505116395760807 0
1594200607077 -0.0024504391983412753 0
1594200615937 -0.002449936082059603 0
