1594200473386 -1.5442800761411848 0
1594200479429 -1.5442785773776677 0
1594200487769 -1.5442785618861725 0
1594200495510 -1.5442800767763096 0
1594200500825 -1.544278580346979 0
1594200507608 -1.5442798165731546 0
1594200517579 -1.5442801181395354 0
1594200525602 -1.5442789910807828 0
1594200532705 -1.5442801022093644 0
1594200540438 -1.5389724909018654 0
1594200547284 -1.5442811280547897 0
1594200552889 -1.5442811814232007 0
1594200558458 -1.5442810694891562 0
1594200565263 -1.5442811455321477 0
1594200573396 -1.5348505935535275 0
1594200591370 -1.5382891414370652 0
1594200594033 -1.5390652711270874 0
1594200597808 -1.5442841799245446 0
1594200606927 -1.544284023445822 0
1594200615797 -1.544283932332834 0
