1594200473463 -0.0013625721154066708 0
1594200479513 -0.0013625721234525783 0
1594200487874 -0.0013625721153326326 0
1594200495606 -0.001362572301326771 0
1594200500929 -0.001362572220649004 0
1594200507776 -0.0013625722286932675 0
1594200517687 -0.00136702027853976 0
1594200525731 -0.0013670201947533545 0
1594200532812 -0.0013670201698739875 0
1594200540538 -0.0013670202640426964 0
1594200547407 -0.001367020328084894 0
1594200552988 -0.001367020371415662 0
1594200558558 -0.0013670204345197778 0
1594200565407 -0.00156529751266658 0
1594200573513 -0.0015654035195612629 0
1594200591470 -0.0015653713546419778 0
1594200594138 -0.0015655324768601145 0
1594200597907 -0.0015724734285378573 0
1594200607064 -0.0015725672484184201 0
1594200615928 -0.0015731174955060222 0
