1594200473431 0.0013861787892018268 0
1594200479481 0.0013862995656767681 0
1594200487838 0.0013860855273113242 0
1594200495568 0.0013861702303048595 0
1594200500895 0.0013859121435566674 0
1594200507710 0.0013859042328731492 0
1594200517648 0.0013861297270057005 0
1594200525670 0.0013862869264927677 0
1594200532769 0.001386196556051638 0
1594200540499 0.0013861800512682831 0
1594200547361 0.0013933688052622816 0
1594200552948 0.0011344904086216486 0
1594200558520 0.0011606162190032688 0
1594200565352 0.001157257528581437 0
1594200573471 0.0011587428488823491 0
1594200591432 0.0011572612213967292 0
1594200594097 0.001382765220735809 0
1594200597866 0.001383031362310312 0
1594200607016 0.0013841264675300158 0
1594200615871 0.0013843909876797688 0
