1594200473379 -0.06977090848097232 0
1594200479412 -0.0697709107382498 0
1594200487752 -0.06977091073693047 0
1594200495494 -0.06977090848014648 0
1594200500807 -0.0697709107349496 0
1594200507598 -0.06977090800163936 0
1594200517560 -0.06977090847944359 0
1594200525579 -0.06977090253735406 0
1594200532690 -0.06977090268587115 0
1594200540430 -0.0697618629061817 0
1594200547275 -0.06977101551090356 0
1594200552881 -0.06977101559004417 0
1594200558451 -0.06977101531207205 0
1594200565239 -0.06977101558192221 0
1594200573385 -0.0697563436084524 0
1594200591351 -0.06976082555314113 0
1594200594015 -0.06976196390890543 0
1594200597790 -0.06977086831466807 0
1594200606909 -0.06977088318832682 0
1594200615779 -0.06977088321279908 0
