1594200473373 0.22574316532219368 0
1594200479396 0.2257421909134067 0
1594200487731 0.22574060819154643 0
1594200495481 0.22573920825094695 0
1594200500791 0.22573823220257164 0
1594200507591 0.22573718858478412 0
1594200517541 0.225735839742122 0
1594200525560 0.22573434916280774 0
1594200532681 0.22573301496604137 0
1594200540423 0.21446174717310296 0
1594200547267 0.2142152029003119 0
1594200552872 0.21420866050202664 0
1594200558443 0.2142016675381528 0
1594200565222 0.21419286678202915 0
1594200573371 0.20652648424420347 0
1594200591337 0.20637920953183247 0
1594200593997 0.20634603932868473 0
1594200597772 0.20612160074163824 0
1594200606891 0.20612154425734303 0
1594200615765 0.20612146671583004 0
