1594200473444 0.37990373175006675 0
1594200479493 0.37990334730976033 0
1594200487853 0.3799027521201576 0
1594200495585 0.37990229758499117 0
1594200500909 0.3799019132848754 0
1594200507739 0.37990152902164404 0
1594200517663 0.38000620978440847 0
1594200525685 0.38000585311469576 0
1594200532785 0.3800055834594968 0
1594200540514 0.38000525294013643 0
1594200547379 0.38000500072073484 0
1594200552964 0.380004748517827 0
1594200558535 0.3800044789398519 0
1594200565374 0.3818631039462808 0
1594200573489 0.3818613752687086 0
1594200591448 0.38185656575682053 0
1594200594113 0.381856034860804 0
1594200597882 0.4622698904918415 0
1594200607038 0.4622697978427406 0
1594200615898 0.4622696817074915 0
