1594200473476 2.5020643567271565 0
1594200479526 2.502043246263466 0
1594200487888 2.5020105437069944 0
1594200495620 2.5019841931031483 0
1594200500942 2.501963026055861 0
1594200507800 2.501941915590376 0
1594200517709 2.420382655612744 0
1594200525764 2.420358908642805 0
1594200532830 2.4203408540649907 0
1594200540557 2.420318878996196 0
1594200547427 2.4203020523176786 0
1594200553004 2.4202852677060367 0
1594200558575 2.4202672688956195 0
1594200565430 2.356940912180504 0
1594200573529 2.356985808421159 0
1594200591489 2.3571106670559607 0
1594200594154 2.357124504369796 0
1594200597924 2.307751736471123 0
1594200607086 2.3077664124741366 0
1594200615945 2.307784665423374 0
