1594200473400 -2.1523379520704564 0
1594200479449 -2.152280195754204 0
1594200487793 -2.152190663169 0
1594200495533 -2.152114105278455 0
1594200500858 -2.1520562747086394 0
1594200507634 -2.151998256425888 0
1594200517607 -2.1519234559481637 0
1594200525630 -2.1518414004640203 0
1594200532727 -2.1517727798777893 0
1594200540456 -1.9629959083170987 0
1594200547303 -1.9627184902958406 0
1594200552904 -1.9628362549138947 0
1594200558477 -1.9629621863756894 0
1594200565291 -1.963120655526677 0
1594200573420 -1.7662598784669077 0
1594200591390 -1.7659922878048127 0
1594200594051 -1.765920143901008 0
1594200597827 -1.765604087581018 0
1594200606952 -1.7656030482973646 0
1594200615819 -1.7656018519922954 0
