1594200473419 -0.06384592376466959 0
1594200479468 -0.06384591092056385 0
1594200487821 -0.06384593530533787 0
1594200495552 -0.06384592696210233 0
1594200500880 -0.06384592848084746 0
1594200507680 -0.0638459526198213 0
1594200517629 -0.06384592759831662 0
1594200525652 -0.06384591305556153 0
1594200532753 -0.06384592153770759 0
1594200540483 -0.06384592370978193 0
1594200547339 -0.06384596952738916 0
1594200552931 -0.06385896737058606 0
1594200558501 -0.06385639335548125 0
1594200565329 -0.06385676295046994 0
1594200573452 -0.06385747737131037 0
1594200591414 -0.06385676298034607 0
1594200594078 -0.06384634848613405 0
1594200597851 -0.06384635390266175 0
1594200606986 -0.06384618927604355 0
1594200615844 -0.06384620069234713 0
