1594200473438 -0.12559881294818603 0
1594200479487 -0.12563858888730445 0
1594200487846 -0.1257007315305027 0
1594200495579 -0.12575337169450787 0
1594200500902 -0.1257905519937029 0
1594200507725 -0.12583062415181198 0
1594200517655 -0.12588171828756606 0
1594200525678 -0.20737584872317966 0
1594200532776 -0.20739332982564052 0
1594200540508 -0.20741619356992957 0
1594200547372 0.17657728452804455 0
1594200552957 -0.4583652735556959 0
1594200558527 -0.4580158656721495 0
1594200565362 -0.457543656023073 0
1594200573482 -0.4570949644232675 0
1594200591440 -0.45584307584949674 0
1594200594106 -2.4391463635978665 0
1594200597875 -2.439235952638139 0
1594200607028 -2.4348764398738094 0
1594200615884 -2.435089592022282 0
