1594200473365 0.7019483549650322 0
1594200479379 0.7019484103019366 0
1594200487719 0.7019485335260882 0
1594200495467 0.7019486630927471 0
1594200500774 0.701948718755889 0
1594200507582 0.7019488318396244 0
1594200517526 0.7019489260337212 0
1594200525542 0.7019490355356072 0
1594200532674 0.701949161151518 0
1594200540414 0.6859252951164835 0
1594200547238 0.6859973282673002 0
1594200552846 0.6860002668273484 0
1594200558428 0.6860034050554088 0
1594200565209 0.6860073544209334 0
1594200573358 0.6744043933406515 0
1594200591318 0.6744807666877759 0
1594200593979 0.6744980028627403 0
1594200597754 0.674614121976523 0
1594200606873 0.6746140331106812 0
1594200615752 0.6746139332007639 0
