1594200473321 -0.14395897 0
1594200479313 -0.7893688 0
1594200487658 0.5572355 0
1594200495399 -0.29763412 0
1594200500725 -0.0352337 0
1594200507481 0.27205038 0
1594200517462 -0.735825 0
1594200525480 0.11488961 0
1594200532563 -0.06193123 0
1594200540311 0.5966728 0
1594200547147 -0.7829182 0
1594200552754 -0.65781456 0
1594200558344 -0.52690184 0
1594200565146 -0.95649827 0
1594200573290 0.3972406 0
1594200591250 -0.7969453 0
1594200593906 -0.85955733 0
1594200597689 -0.7645357 0
1594200606813 0.2945045 0
1594200615690 -0.33645722 0
