1594200473338 0.99250156 0
1594200479330 -0.30511498 0
1594200487675 0.7353991 0
1594200495416 0.5898662 0
1594200500736 -0.22946092 0
1594200507510 -0.59033954 0
1594200517478 0.61238146 0
1594200525497 0.19736795 0
1594200532591 -0.2616714 0
1594200540338 0.50102174 0
1594200547170 -0.2993966 0
1594200552790 -0.40329382 0
1594200558366 -0.12884143 0
1594200565161 0.5048726 0
1594200573320 0.4978908 0
1594200591267 0.9500591 0
1594200593923 -0.4617795 0
1594200597704 0.41239378 0
1594200606828 -0.96611017 0
1594200615707 0.2149467 0
