1594201389351 -0.10175183 0
1594201406344 -0.9749703 0
1594201411308 -0.41980377 0
1594201419957 -0.6695601 0
1594201426185 0.13102952 0
1594201428605 0.28933847 0
1594201434898 0.8418942 0
1594201442634 0.18675505 0
1594201445069 -0.6860805 0
1594201453281 0.49636152 0
1594201456878 0.5428656 0
1594201460011 -0.24129121 0
1594201463653 0.81208044 0
1594201465861 0.637375 0
1594201473692 -0.8267887 0
1594201480122 0.6991249 0
1594201483050 0.9759607 0
1594201488524 -0.40108556 0
1594201499505 0.3514089 0
1594201504884 -0.2893131 0
