1594201389362 0.03827398 0
1594201406360 0.20723149 0
1594201411329 -0.8786317 0
1594201419972 -0.50643075 0
1594201426201 0.3047697 0
1594201428619 -0.07865622 0
1594201434905 -0.46872365 0
1594201442652 -0.3750416 0
1594201445079 0.1885781 0
1594201453293 -0.59324104 0
1594201456889 0.38149402 0
1594201460030 -0.14301975 0
1594201463670 -0.024813375 0
1594201465877 -0.43059886 0
1594201473706 -0.9999334 0
1594201480136 -0.62461823 0
1594201483064 -0.06418745 0
1594201488538 0.5562265 0
1594201499522 0.29757428 0
1594201504898 0.4603625 0
