1594201389437 0.27264190849257064 0
1594201406462 0.2726458781303328 0
1594201411433 0.2726475163235899 0
1594201420083 0.27265057039998486 0
1594201426312 0.272652500999715 0
1594201428719 0.2726531175089931 0
1594201434979 0.2726545418236948 0
1594201442750 0.25771561836231477 0
1594201445183 0.25771802303166563 0
1594201453395 0.25772816314811947 0
1594201456992 0.2577324628084189 0
1594201460134 0.24924924841471346 0
1594201463769 0.24924930751213792 0
1594201465980 0.24924933706733826 0
1594201473773 0.24924945286687336 0
1594201480244 0.24843374313958083 0
1594201483165 0.24842950956838178 0
1594201488646 0.2484199135722243 0
1594201499630 0.24840100422090555 0
1594201504996 0.2483928197458073 0
