1594201389448 -0.07089500213996507 0
1594201406468 -0.0708950246006448 0
1594201411440 -0.07089494860851622 0
1594201420090 -0.07089503350008396 0
1594201426319 -0.07089499000446958 0
1594201428725 -0.0708949830912972 0
1594201434989 -0.07089500058845571 0
1594201442757 -0.07089503502659272 0
1594201445189 -0.07089503502558152 0
1594201453401 -0.0708950350213128 0
1594201456997 -0.07089503501950054 0
1594201460147 -0.07089459677427437 0
1594201463776 -0.07089459677426119 0
1594201465986 -0.07089459677425458 0
1594201473782 -0.07089459677422873 0
1594201480252 -0.07089517750769317 0
1594201483173 -0.07089517751315201 0
1594201488652 -0.07089517752553395 0
1594201499639 -0.07089517754996845 0
1594201505003 -0.07089517756055892 0
