1594201389490 -0.18271485113815364 0
1594201406507 -0.18271486939111742 0
1594201411487 -0.18271487856512797 0
1594201420129 -0.18271489598915586 0
1594201426370 -0.1827149073012999 0
1594201428760 -0.18271491096586998 0
1594201435037 -0.18271492044255083 0
1594201442789 -0.18271493204503758 0
1594201445221 -0.18271492429171735 0
1594201453433 -0.18271486760518457 0
1594201457029 -0.18271484705807836 0
1594201460181 -0.18271483054134804 0
1594201463808 -0.18271481100978812 0
1594201466019 -0.1827148010694562 0
1594201473823 -0.1827147622248907 0
1594201480291 -0.18271473247971995 0
1594201483212 -0.18271472143486017 0
1594201488692 -0.18271469329589887 0
1594201499677 -0.18271463801074053 0
1594201505040 -0.18271461400105968 0
