1594201389507 -0.0008209649842508651 0
1594201406520 -0.0008212370620130928 0
1594201411506 -0.0008212347320819818 0
1594201420147 -0.0008212305331758468 0
1594201426385 -0.0008212276243370697 0
1594201428773 -0.0008212269064893673 0
1594201435055 -0.0008212245946093547 0
1594201442801 -0.0008212218093398336 0
1594201445234 -0.0008212771164028385 0
1594201453445 -0.0008213465787996855 0
1594201457042 -0.0008213533384037323 0
1594201460195 -0.00082135886454958 0
1594201463821 -0.0008213653064540751 0
1594201466033 -0.0008213687952203372 0
1594201473841 -0.0008213818126136438 0
1594201480310 -0.0008213918913631167 0
1594201483227 -0.0008213953957036136 0
1594201488708 -0.0008214051482980363 0
1594201499692 -0.0008214233198692933 0
1594201505054 -0.0008214316422398764 0
