1594201389525 -1.0766754282598698 0
1594201406534 -1.0766758576603426 0
1594201411522 -1.0766761234408984 0
1594201420163 -1.0766765526573148 0
1594201426405 -1.076676818429379 0
1594201428786 -1.076676818415002 0
1594201435073 -1.0766770841944395 0
1594201442815 -1.0766774110853383 0
1594201445248 -1.0766772476871667 0
1594201453458 -1.0766756943317821 0
1594201457055 -1.0766751628076119 0
1594201460208 -1.0766747336104794 0
1594201463833 -1.0766742020812838 0
1594201466046 -1.0766739363174072 0
1594201473857 -1.0766728121371225 0
1594201480327 -1.0766721171936855 0
1594201483244 -1.076671790318239 0
1594201488723 -1.0766709930175902 0
1594201499709 -1.0766696031080507 0
1594201505067 -1.0766689081340455 0
