1594201389421 2.3828013339417957 0
1594201406446 2.38279887722257 0
1594201411417 2.382797748110947 0
1594201420067 2.382795445903439 0
1594201426294 2.382793951706955 0
1594201428706 2.3827934205615717 0
1594201434958 2.3827922361516576 0
1594201442738 2.3827906866231054 0
1594201445161 2.382789888288077 0
1594201453374 2.38278458679183 0
1594201456969 2.382782284634791 0
1594201460122 2.3827804141467803 0
1594201463757 2.382778167316098 0
1594201465967 2.382777093598078 0
1594201473760 2.382772710538699 0
1594201480228 2.382769390024024 0
1594201483151 2.3827679513108317 0
1594201488630 2.3827647967732397 0
1594201499615 2.3827585875661956 0
1594201504981 2.3827559088023755 0
