1594201389481 0.6322092224813511 0
1594201406501 0.6322092416457308 0
1594201411479 0.6322092510076516 0
1594201420122 0.6322092687889379 0
1594201426362 0.6322092803327444 0
1594201428751 0.6322092840729 0
1594201435029 0.6322092937437583 0
1594201442783 0.6322093055843364 0
1594201445215 0.6322092971655722 0
1594201453426 0.6322092324981468 0
1594201457023 0.6322092078096972 0
1594201460175 0.6322091879887051 0
1594201463801 0.6322091644543517 0
1594201466013 0.6322091525370505 0
1594201473816 0.632209105933244 0
1594201480283 0.6322090702434451 0
1594201483206 0.6322090565436251 0
1594201488684 0.6322090227988937 0
1594201499669 0.6322089564370775 0
1594201505032 0.6322089276478343 0
