1594201389385 -0.065664438624945 0
1594201406389 -0.06566443601769995 0
1594201411363 -0.06566443451285982 0
1594201420005 -0.06566443167925724 0
1594201426235 -0.06566442981560823 0
1594201428652 -0.06566442926705797 0
1594201434923 -0.06566442771515574 0
1594201442687 -0.06566442582391997 0
1594201445104 -0.06566442341924163 0
1594201453320 -0.06566441764077499 0
1594201456915 -0.0656644148620646 0
1594201460088 -0.06566441271327704 0
1594201463704 -0.0656644101090856 0
1594201465911 -0.06566440876956088 0
1594201473730 -0.06566440368007347 0
1594201480170 -0.06566439967345576 0
1594201483094 -0.06566439811598809 0
1594201488574 -0.0656643943275844 0
1594201499558 -0.06566438710351483 0
1594201504924 -0.06566438388972787 0
