1594201389401 0.0005759107831022461 0
1594201406423 0.0005753771895174596 0
1594201411399 0.0005754439511684682 0
1594201420047 0.0005754161347617711 0
1594201426271 0.0005754451869297003 0
1594201428690 0.0005753465578474021 0
1594201434941 0.0005753511465532381 0
1594201442724 0.0005753399902849254 0
1594201445130 0.0005773502017104604 0
1594201453347 0.0005768480985885475 0
1594201456942 0.0005768022566828508 0
1594201460108 0.0005767581663367958 0
1594201463738 0.000576719430855793 0
1594201465946 0.0005767716853171451 0
1594201473746 0.0005768054930255539 0
1594201480201 0.0005768149947918428 0
1594201483122 0.0005766940875452695 0
1594201488608 0.0005768125158439031 0
1594201499596 0.0005766240507096609 0
1594201504952 0.0005768121681186491 0
