1594201389375 0.6000189114102105 0
1594201406373 0.600018817749348 0
1594201411345 0.6000187710126553 0
1594201419989 0.6000186820727756 0
1594201426218 0.6000186243735304 0
1594201428632 0.6000186055869144 0
1594201434914 0.6000185572287119 0
1594201442669 0.6000184979793095 0
1594201445091 0.6000184694445919 0
1594201453306 0.6000182630990313 0
1594201456903 0.6000181729183468 0
1594201460077 0.6000181008153763 0
1594201463687 0.6000180143307337 0
1594201465894 0.6000179711173279 0
1594201473720 0.6000178018257829 0
1594201480154 0.6000176719788425 0
1594201483080 0.6000176177432163 0
1594201488557 0.6000174952744625 0
1594201499539 0.6000172535965954 0
1594201504912 0.6000171492821201 0
