1594201389498 -0.09874900845026663 0
1594201406514 -0.09874900255070576 0
1594201411495 -0.09874900260303124 0
1594201420137 -0.09874900270021213 0
1594201426377 -0.09874900276608947 0
1594201428766 -0.09874900278112322 0
1594201435045 -0.09874900283478845 0
1594201442796 -0.09874900290036574 0
1594201445228 -0.09874900170716355 0
1594201453439 -0.09874900018242307 0
1594201457035 -0.0987490000281112 0
1594201460188 -0.09874899990242421 0
1594201463814 -0.09874899973446752 0
1594201466026 -0.09874899967619803 0
1594201473834 -0.09874899937696502 0
1594201480298 -0.09874899914880375 0
1594201483220 -0.09874899906152033 0
1594201488699 -0.0987489988449232 0
1594201499685 -0.09874899838659133 0
1594201505046 -0.09874899823980018 0
