1594201389455 1.5333567598619566 0
1594201406478 1.5333563357534792 0
1594201411448 1.5333573156994575 0
1594201420097 1.533355336228206 0
1594201426331 1.533356451093464 0
1594201428732 1.5333567747944157 0
1594201434998 1.5333565576677677 0
1594201442763 1.5333548452346106 0
1594201445196 1.5333549314580859 0
1594201453407 1.5333548917908768 0
1594201457004 1.533354893548466 0
1594201460154 1.533364151818247 0
1594201463782 1.533364124746675 0
1594201465993 1.5333640894661804 0
1594201473789 1.533364141065049 0
1594201480259 1.5333474880426905 0
1594201483184 1.5333474737612744 0
1594201488661 1.533347496658238 0
1594201499646 1.5333475741517706 0
1594201505011 1.533347551097288 0
