1594201389428 0.6864870382176788 0
1594201406454 0.6864876635800387 0
1594201411425 0.6864879129624751 0
1594201420075 0.6864884709544533 0
1594201426303 0.6864887283939901 0
1594201428713 0.6864888191698271 0
1594201434969 0.6864890204594589 0
1594201442744 0.7021923322851322 0
1594201445175 0.7021893162808246 0
1594201453387 0.7021765995618386 0
1594201456983 0.7021712079944956 0
1594201460127 0.702427861989497 0
1594201463763 0.7024278651616436 0
1594201465974 0.7024278667479321 0
1594201473767 0.7024278729622805 0
1594201480235 0.6881907113120149 0
1594201483158 0.6881937117474406 0
1594201488638 0.6882005125875942 0
1594201499622 0.6882139136409199 0
1594201504989 0.688219713846298 0
