1594201389412 -0.0016059072146572737 0
1594201406438 -0.001606024713486045 0
1594201411408 -0.0016060856755467814 0
1594201420060 -0.001606080655871658 0
1594201426287 -0.00160608570623396 0
1594201428699 -0.001606068692226769 0
1594201434950 -0.0016060684503375429 0
1594201442731 -0.001606067581710954 0
1594201445147 -0.0016056395123238785 0
1594201453361 -0.0016060186656474756 0
1594201456956 -0.0016058892372967566 0
1594201460114 -0.001605905770827492 0
1594201463750 -0.0016058935918091173 0
1594201465961 -0.0016059009500053823 0
1594201473753 -0.001606016366302777 0
1594201480216 -0.0016059052395355313 0
1594201483136 -0.0016059180892080262 0
1594201488621 -0.0016059199951969979 0
1594201499608 -0.0016058939151443825 0
1594201504967 -0.00160601684681707 0
