1594201389473 -2.0312071335775554 0
1594201406492 -2.0311528855708882 0
1594201411469 -2.031130147236175 0
1594201420115 -2.0310871335490748 0
1594201426354 -2.0310609742559804 0
1594201428745 -2.0310524393303826 0
1594201435019 -2.0310330982240044 0
1594201442776 -2.144830882998426 0
1594201445209 -2.144788121653638 0
1594201453420 -2.144607960963173 0
1594201457017 -2.1445316175943656 0
1594201460168 -2.305281391110838 0
1594201463795 -2.3052763735520845 0
1594201466006 -2.3052739562036844 0
1594201473807 -2.305264253179441 0
1594201480275 -2.0226204660090494 0
1594201483200 -2.022655472798006 0
1594201488676 -2.022734959787057 0
1594201499662 -2.0228917877999146 0
1594201505025 -2.022959762551438 0
