1594201389464 0.0477790684964714 0
1594201406485 0.04777827469881378 0
1594201411458 0.047778279146211904 0
1594201420106 0.0477787179331395 0
1594201426342 0.04777855577976476 0
1594201428738 0.04777859235237958 0
1594201435010 0.04777897863081059 0
1594201442770 0.04778062134801103 0
1594201445202 0.0477805875138653 0
1594201453414 0.047780564285633244 0
1594201457011 0.04778058503417412 0
1594201460161 0.04777634927667888 0
1594201463789 0.047776325119073135 0
1594201466000 0.04777636460352348 0
1594201473801 0.0477763498079102 0
1594201480267 0.047777226405956906 0
1594201483192 0.047777250601434396 0
1594201488669 0.04777724575678986 0
1594201499653 0.04777723693355191 0
1594201505018 0.04777725006303758 0
