1594201389393 -0.09915867451701772 0
1594201406405 -0.09915865913302029 0
1594201411382 -0.09915866032689258 0
1594201420028 -0.09915865975690641 0
1594201426254 -0.09915866034782495 0
1594201428669 -0.09915865877576877 0
1594201434932 -0.09915865882650919 0
1594201442705 -0.09915865870033264 0
1594201445116 -0.09915866390670361 0
1594201453333 -0.0991586604374445 0
1594201456929 -0.09915865894938491 0
1594201460098 -0.09915865853820671 0
1594201463720 -0.09915865962438764 0
1594201465928 -0.0991586586654329 0
1594201473738 -0.09915865966765115 0
1594201480185 -0.09915865913348601 0
1594201483107 -0.0991586580688814 0
1594201488592 -0.09915865915334082 0
1594201499575 -0.09915866301882667 0
1594201504938 -0.09915865979221347 0
