1594201389518 0.0011461615538598967 0
1594201406527 0.001146062251161611 0
1594201411513 0.001145976828314117 0
1594201420155 0.001145814849084833 0
1594201426392 0.001145709568496054 0
1594201428780 0.0011456755564526054 0
1594201435064 0.0011455874109093126 0
1594201442809 0.00114547955974816 0
1594201445241 0.0011455734247639384 0
1594201453452 0.0011462498453989288 0
1594201457048 0.0011465077084044845 0
1594201460201 0.0011467147254480138 0
1594201463827 0.0011469608458353378 0
1594201466039 0.0011470853053966498 0
1594201473850 0.0011475719627406773 0
1594201480319 0.0011479447019563896 0
1594201483235 0.0011480885977945391 0
1594201488716 0.0011484411140101703 0
1594201499701 0.0011491340826148117 0
1594201505060 0.001149434785357753 0
