1594201389340 -0.3368931 0
1594201406328 0.6460256 0
1594201411291 0.27982554 0
1594201419941 0.43523544 0
1594201426168 0.24241282 0
1594201428589 -0.630681 0
1594201434884 0.789753 0
1594201442617 0.5076571 0
1594201445057 0.028477686 0
1594201453268 0.30436653 0
1594201456866 0.7338386 0
1594201459976 0.42022792 0
1594201463637 0.9813764 0
1594201465846 -0.7421223 0
1594201473667 0.67121065 0
1594201480108 0.46100575 0
1594201483036 0.10434407 0
1594201488507 0.61540896 0
1594201499489 0.6661889 0
1594201504871 0.93757653 0
