1594201389332 -0.6141468 0
1594201406312 -0.8537762 0
1594201411275 -0.30882326 0
1594201419926 -0.62992245 0
1594201426154 -0.34969404 0
1594201428574 -0.5116274 0
1594201434795 0.7285973 0
1594201442599 0.23119943 0
1594201445046 -0.08218317 0
1594201453255 -0.7927117 0
1594201456854 0.001152848 0
1594201459956 0.7369052 0
1594201463621 -0.36561438 0
1594201465830 -0.4663356 0
1594201473629 -0.7282308 0
1594201480095 0.84532213 0
1594201483023 -0.7148672 0
1594201488492 -0.53519565 0
1594201499474 -0.9837047 0
1594201504857 0.214836 0
