1594200914855 0.68388563 0
1594200921444 0.774156 0
1594200926046 -0.73192555 0
1594200930681 -0.518539 0
1594200941461 0.117207885 0
1594200945752 -0.90124804 0
1594200950088 0.80427366 0
1594200957206 0.23188917 0
1594200961051 -0.79968715 0
1594200968174 0.07824131 0
1594200976128 -0.8956147 0
1594200996904 -0.83976966 0
1594201001393 -0.40381008 0
1594201006329 -0.7109917 0
1594201010875 -0.7165803 0
1594201018970 0.6089969 0
1594201025585 -0.5114677 0
1594201028749 0.7995425 0
1594201037296 0.78935915 0
1594201044234 -0.20670585 0
