1594200914844 0.7664905 0
1594200921428 0.28631222 0
1594200926032 0.3324847 0
1594200930657 -0.9227464 0
1594200941448 0.6887099 0
1594200945736 -0.15550812 0
1594200950073 0.7403362 0
1594200957185 0.43123418 0
1594200961033 0.3971899 0
1594200968159 0.6529219 0
1594200976101 -0.3665247 0
1594200996887 -0.17175208 0
1594201001374 -0.17213465 0
1594201006314 0.42127225 0
1594201010859 -0.5829338 0
1594201018953 0.094672285 0
1594201025566 -0.4830041 0
1594201028735 0.39942867 0
1594201037276 -0.6044183 0
1594201044218 0.24056707 0
