1594200914879 -0.08332653554809846 0
1594200921505 -0.0833267439474584 0
1594200926091 -0.08332690161248925 0
1594200930734 -0.08332702766362386 0
1594200941498 -0.08332746941210166 0
1594200945798 -0.08332210975525599 0
1594200950130 -0.08332365303077162 0
1594200957262 -0.08332730407186556 0
1594200961111 -0.08332865272860641 0
1594200968217 -0.08332856499493309 0
1594200976220 -0.08332855784530016 0
1594200996955 -0.08332855376794691 0
1594201001448 -0.08332855390498 0
1594201006379 -0.08332855770385658 0
1594201010931 -0.08332855622119319 0
1594201019024 -0.08332855544190937 0
1594201025645 -0.0833285555964233 0
1594201028800 -0.08330192400728431 0
1594201037360 -0.08330193219393975 0
1594201044280 -0.08332641253515155 0
