1594200914988 0.7219626044955875 0
1594200921597 0.7219626069048669 0
1594200926231 0.7219626090148648 0
1594200930901 0.721962610896181 0
1594200941614 0.7219626153972064 0
1594200945881 0.7219626171554491 0
1594200950246 0.7284991541816955 0
1594200957358 0.7284991574394779 0
1594200961225 0.7284991618228726 0
1594200968403 0.7284991649991249 0
1594200976370 0.7284991679088125 0
1594200997044 0.7284991775509363 0
1594201001545 0.7284991793978862 0
1594201006503 0.7284991809804169 0
1594201011023 0.7284991829578423 0
1594201019120 0.7284991866468621 0
1594201025733 0.7284991895433911 0
1594201028906 0.728499190859419 0
1594201037521 0.7284991948053627 0
1594201044390 0.7284991975353832 0
