1594200914914 0.6906234521408634 0
1594200921546 0.6906235513449439 0
1594200926155 0.6906236207768437 0
1594200930801 0.6906236802169742 0
1594200941546 0.6906238488342004 0
1594200945839 0.690623920755925 0
1594200950188 0.6906239925304053 0
1594200957300 0.6906241218060092 0
1594200961171 0.6906241812553936 0
1594200968310 0.6906242800844379 0
1594200976285 0.6906243792345338 0
1594200996997 0.6906247413639881 0
1594201001492 0.6906248105722398 0
1594201006439 0.6906248699566676 0
1594201010974 0.6906249446686056 0
1594201019066 0.690625083585555 0
1594201025683 0.6906251927683773 0
1594201028861 0.6906252424193816 0
1594201037425 0.6906253911506658 0
1594201044323 0.6906254942932399 0
