1594200915055 0.39583610071687864 0
1594200921645 0.39583347432859595 0
1594200926287 0.39583163550832706 0
1594200931003 0.3958300591481861 0
1594200941655 0.39582559164862907 0
1594200945928 0.39582373957830813 0
1594200950320 0.3958217797950999 0
1594200957406 0.3958183612223959 0
1594200961277 0.3958167830849952 0
1594200968480 0.395813626175914 0
1594200976446 0.39581073159935687 0
1594200997091 0.39580112177064325 0
1594201001594 0.39579927789384955 0
1594201006550 0.3957976971983653 0
1594201011071 0.3957957210308064 0
1594201019183 0.3957920312978436 0
1594201025787 0.39578913141133143 0
1594201028956 0.3957878130451856 0
1594201037587 0.3957838570616888 0
1594201044443 0.39578112564566986 0
