1594200914896 0.3129356062669232 0
1594200921529 0.31271031610222044 0
1594200926122 0.3125405924591776 0
1594200930768 0.3124053267581526 0
1594200941522 0.3119310477655162 0
1594200945826 0.31821350687742667 0
1594200950167 0.316386706929651 0
1594200957280 0.3122749884648833 0
1594200961143 0.31067407313729883 0
1594200968279 0.31062678180666436 0
1594200976256 0.31062715059064794 0
1594200996982 0.31062659155316574 0
1594201001475 0.3106266232000211 0
1594201006416 0.3106289740443315 0
1594201010959 0.31062809954296144 0
1594201019051 0.3106254640214275 0
1594201025666 0.3106254666382608 0
1594201028832 0.34677129546389374 0
1594201037393 0.3467632236263672 0
1594201044304 0.31304502969352954 0
