1594200915028 0.0004545016131859701 0
1594200921629 0.0004525257361223781 0
1594200926268 0.00045088941080563446 0
1594200930968 0.00044939331463215624 0
1594200941642 0.00044579717321015634 0
1594200945915 0.0004443940878460011 0
1594200950290 -0.001027894801079413 0
1594200957391 -0.0010278725900128656 0
1594200961260 -0.0010300797173704924 0
1594200968457 -0.0010300514958172797 0
1594200976420 -0.0010300257586475412 0
1594200997076 -0.0010299408570818137 0
1594201001577 -0.001029924609572962 0
1594201006535 -0.0010299107353532642 0
1594201011055 -0.0010298935353027223 0
1594201019163 -0.0010298614030091818 0
1594201025770 -0.0010298361445656458 0
1594201028937 -0.0010298247603415564 0
1594201037564 -0.001029790606964249 0
1594201044425 -0.0010297670117894186 0
