1594200915006 -0.09870064468753649 0
1594200921612 -0.09870064333967754 0
1594200926249 -0.09870064751367891 0
1594200930933 -0.09870064839965896 0
1594200941628 -0.09870065115200247 0
1594200945896 -0.09870065266834437 0
1594200950263 -0.09870166914179798 0
1594200957374 -0.09870166913420081 0
1594200961242 -0.09870166982322277 0
1594200968429 -0.09870166981410392 0
1594200976398 -0.09870166980576829 0
1594200997060 -0.0987016697782681 0
1594201001559 -0.0987016697730218 0
1594201006518 -0.09870166976853208 0
1594201011038 -0.09870166976292905 0
1594201019135 -0.09870166975249721 0
1594201025752 -0.09870166974432547 0
1594201028921 -0.09870166974061818 0
1594201037545 -0.09870166972952314 0
1594201044405 -0.0987016697218651 0
