1594200914930 0.2407626057066085 0
1594200921557 0.24076275254930696 0
1594200926171 0.24076285564444505 0
1594200930817 0.2407629437799636 0
1594200941556 0.24076319368986682 0
1594200945846 0.2407633001296044 0
1594200950196 0.24076340670087654 0
1594200957313 0.2407635981786551 0
1594200961182 0.24076368633333314 0
1594200968324 0.2407638327689233 0
1594200976297 0.24076397964838694 0
1594200997005 0.2407645163677515 0
1594201001502 0.2407646191179514 0
1594201006453 0.2407647071751714 0
1594201010980 0.24076481781292125 0
1594201019074 0.24076502371189706 0
1594201025691 0.24076518551668202 0
1594201028868 0.2407652590270743 0
1594201037441 0.24076547961157826 0
1594201044338 0.24076563238634532 0
