1594200915134 -0.3774276922079478 0
1594200921688 -0.3773921609202684 0
1594200926346 -0.37736731398241297 0
1594200931073 -0.37734602618908075 0
1594200941697 -0.3772856186881382 0
1594200945964 -0.37725987714056547 0
1594200950393 -0.3772340497018032 0
1594200957454 -0.37718782714419585 0
1594200961321 -0.3771664584492914 0
1594200968545 -0.37712377268207947 0
1594200976508 -0.37708459443540093 0
1594200997133 -0.37695459655503827 0
1594201001636 -0.3769296617912247 0
1594201006592 -0.37690826382822257 0
1594201011112 -0.37688150558532846 0
1594201019257 -0.3768315775061871 0
1594201025852 -0.3767923114413614 0
1594201028995 -0.3767744726123999 0
1594201037644 -0.37672092684997055 0
1594201044491 -0.37668382932714883 0
