1594200914998 -0.08471823526152725 0
1594200921605 -0.08471823592112239 0
1594200926239 -0.08471823626682135 0
1594200930917 -0.08471823671968669 0
1594200941621 -0.08471823772659721 0
1594200945887 -0.08471823809026288 0
1594200950255 -0.06954879028734125 0
1594200957366 -0.06954878923023967 0
1594200961233 -0.06954878766481588 0
1594200968416 -0.06954878663586803 0
1594200976386 -0.06954878569325548 0
1594200997052 -0.06954878256951198 0
1594201001552 -0.06954878197113888 0
1594201006511 -0.0695487814584263 0
1594201011029 -0.06954878081776715 0
1594201019128 -0.06954877962255551 0
1594201025742 -0.0695487786840849 0
1594201028914 -0.0695487782576884 0
1594201037535 -0.06954877697917523 0
1594201044398 -0.06954877609461058 0
