1594200915013 -0.0007025179580302619 0
1594200921620 -0.0007025774128455822 0
1594200926258 -0.0007024146336349806 0
1594200930951 -0.0007023827722291759 0
1594200941635 -0.0007022821792474285 0
1594200945908 -0.0007022261006086898 0
1594200950273 -0.0006692043260231833 0
1594200957383 -0.0006692083114883012 0
1594200961251 -0.0006687809504623585 0
1594200968441 -0.0006687862782312692 0
1594200976408 -0.0006687911813161665 0
1594200997068 -0.0006688072030214542 0
1594201001570 -0.0006688102956554211 0
1594201006527 -0.000668812895787647 0
1594201011045 -0.0006688161999150075 0
1594201019149 -0.0006688222406295461 0
1594201025762 -0.0006688270089858716 0
1594201028929 -0.0006688291772074862 0
1594201037554 -0.0006688356311000815 0
1594201044414 -0.0006688400728524764 0
