1594200915118 0.0013993894923607247 0
1594200921681 0.0013993895741563622 0
1594200926336 0.00139938952647998 0
1594200931057 0.0013993896169255822 0
1594200941684 0.0013993896534783183 0
1594200945957 0.0014020469798487697 0
1594200950381 0.001399389594393536 0
1594200957446 0.0013993897670894913 0
1594200961313 0.00139938967581503 0
1594200968529 0.001399389677081413 0
1594200976498 0.0013993897452171382 0
1594200997125 0.001399389876252437 0
1594201001628 0.001399389840141247 0
1594201006583 0.0013993898650541872 0
1594201011102 0.0013993898264595573 0
1594201019243 0.0013993899941221718 0
1594201025839 0.0013993899588710767 0
1594201028987 0.0013993900071341656 0
1594201037630 0.0013993900434964666 0
1594201044482 0.0013993179401894063 0
