1594200914906 -1.5592708462873108 0
1594200921537 -1.5592439804802831 0
1594200926138 -1.5592251080581108 0
1594200930785 -1.5592107860156013 0
1594200941535 -1.5591650857602606 0
1594200945832 -1.8097997056943798 0
1594200950175 -1.8095577468003423 0
1594200957289 -1.8090613557983992 0
1594200961159 -1.8088861605532376 0
1594200968296 -1.8088663352666914 0
1594200976270 -1.8088532803663315 0
1594200996988 -1.808812084670487 0
1594201001482 -1.8088043491461692 0
1594201006427 -1.8087974625162033 0
1594201010965 -1.8087878798265984 0
1594201019058 -1.8087711847403531 0
1594201025675 -1.8087583694504246 0
1594201028846 -2.4432537086148667 0
1594201037410 -2.4432758388912372 0
1594201044313 -2.4473860277686073 0
