1594200915043 2.8483955982564955 0
1594200921636 2.848395598937088 0
1594200926279 2.8483956290312635 0
1594200930985 2.848395629563863 0
1594200941648 2.8483956308492187 0
1594200945921 2.8483956313543604 0
1594200950305 -2.9727912433646853 0
1594200957400 -2.972791357356306 0
1594200961268 -2.972791401382264 0
1594200968469 -2.9727915053258074 0
1594200976434 -2.972791594420618 0
1594200997083 -2.972791906251316 0
1594201001587 -2.9727919656476454 0
1594201006542 -2.9727920101953123 0
1594201011063 -2.9727920695918515 0
1594201019173 -2.9727921883844646 0
1594201025780 -2.972792277479191 0
1594201028944 -2.972792322026249 0
1594201037576 -2.9727924408193283 0
1594201044435 -2.972792529913668 0
