1594200914979 1.939548765626968 0
1594200921590 1.939553560461579 0
1594200926221 1.939556998856593 0
1594200930885 1.9395598416235238 0
1594200941606 1.9395680748508228 0
1594200945873 1.9395715803529554 0
1594200950237 1.9395750187765366 0
1594200957350 1.9395812687011407 0
1594200961217 1.9395841788784771 0
1594200968385 1.9395889738218302 0
1594200976354 1.9395937996367894 0
1594200997037 1.9396114570692449 0
1594201001537 1.9396147971418907 0
1594201006495 1.939617707317944 0
1594201011014 1.939621311173136 0
1594201019113 1.9396280893122688 0
1594201025725 1.9396333140413238 0
1594201028899 1.9396357269146287 0
1594201037505 1.9396430023571225 0
1594201044383 1.9396479938788747 0
