1594200915067 0.1386296527338768 0
1594200921652 0.13863144079942308 0
1594200926302 0.138632692757144 0
1594200931019 0.13863376606821806 0
1594200941662 0.13863680814154475 0
1594200945935 0.1386380267054027 0
1594200950335 0.1386394040493971 0
1594200957415 0.13864173235345076 0
1594200961284 0.13864280725468198 0
1594200968490 0.13864495762457066 0
1594200976455 0.13864692946183182 0
1594200997100 0.13865347693589294 0
1594201001603 0.13865473341718249 0
1594201006558 0.13865581060653767 0
1594201011079 0.13865715735991668 0
1594201019192 0.13865967209263555 0
1594201025797 0.13866164867892358 0
1594201028963 0.1386625473381845 0
1594201037598 0.13866524410732886 0
1594201044455 0.13866713981183046 0
