1594200914970 -0.0016057648762038712 0
1594200921582 -0.0016057679509316593 0
1594200926209 -0.001605762678551291 0
1594200930867 -0.0016057609291308698 0
1594200941594 -0.0016057603579078693 0
1594200945867 -0.0016057656059320696 0
1594200950226 -0.0016057580305704996 0
1594200957343 -0.0016057630510275796 0
1594200961208 -0.0016057612906408482 0
1594200968368 -0.0016057615414490705 0
1594200976338 -0.0016057640309967778 0
1594200997029 -0.0016057656419737917 0
1594201001529 -0.0016057594916699938 0
1594201006485 -0.0016057575547438713 0
1594201011008 -0.001605762098208448 0
1594201019106 -0.0016057623538362044 0
1594201025718 -0.0016057633656931813 0
1594201028891 -0.0016057659638995447 0
1594201037489 -0.0016057619253723118 0
1594201044371 -0.0016057656335475914 0
