1594200914958 0.0005709827234980167 0
1594200921574 0.0005711618199074894 0
1594200926199 0.0005709601127170703 0
1594200930850 0.0005709058769095408 0
1594200941578 0.0005708860400931233 0
1594200945860 0.0005710585310984609 0
1594200950218 0.0005708227113318602 0
1594200957335 0.0005709716262517164 0
1594200961200 0.0005709172362649141 0
1594200968355 0.0005709610791670461 0
1594200976323 0.0005710535610348443 0
1594200997021 0.0005710614247576644 0
1594201001520 0.0005708633998432074 0
1594201006477 0.0005708100893473647 0
1594201010995 0.0005709414689653098 0
1594201019098 0.0005709485963707463 0
1594201025708 0.0005709831433810387 0
1594201028883 0.0005710732201136506 0
1594201037473 0.0005709357848272146 0
1594201044359 0.0005710593248191842 0
