1594200914888 3.019172979116027 0
1594200921520 3.0192437057099495 0
1594200926107 3.01929697447993 0
1594200930751 3.019339460669388 0
1594200941510 3.0194882584520437 0
1594200945817 3.0175119563444235 0
1594200950144 3.018086451361942 0
1594200957270 3.0193781804576587 0
1594200961130 3.0198793643495425 0
1594200968234 3.0198976625339284 0
1594200976238 3.0198977521042063 0
1594200996973 3.019898032452848 0
1594201001465 3.0198980160026307 0
1594201006398 3.01989711916478 0
1594201010950 3.019897446299975 0
1594201019043 3.0198983676179556 0
1594201025658 3.019898349580464 0
1594201028817 3.0085384318424344 0
1594201037377 3.0085408694266693 0
1594201044292 3.0191381698473876 0
