1594200914945 -0.09915195772297025 0
1594200921566 -0.0991519568298699 0
1594200926185 -0.09915195783685504 0
1594200930833 -0.09915195810789844 0
1594200941564 -0.09915195820707995 0
1594200945852 -0.09915195734547151 0
1594200950206 -0.09915195852322937 0
1594200957328 -0.09915195777961776 0
1594200961189 -0.09915195805106364 0
1594200968341 -0.09915195783325693 0
1594200976310 -0.0991519573717263 0
1594200997013 -0.09915195733094154 0
1594201001512 -0.09915195831984451 0
1594201006468 -0.09915195858603802 0
1594201010989 -0.0991519579298726 0
1594201019088 -0.09915195789414816 0
1594201025699 -0.09915195772202959 0
1594201028875 -0.0991519572724172 0
1594201037457 -0.09915195795838579 0
1594201044348 -0.09915195734176012 0
