1594200915101 3.1413205781854647 0
1594200921672 3.141320578205717 0
1594200926326 3.141320578217233 0
1594200931046 3.1413205781921767 0
1594200941676 3.1413205782150846 0
1594200945950 3.141322469422441 0
1594200950366 3.1413205782676767 0
1594200957432 3.141320578249048 0
1594200961301 3.1413205782945037 0
1594200968518 3.14132057830426 0
1594200976489 3.141320578327408 0
1594200997117 3.141320578353113 0
1594201001618 3.141320578360363 0
1594201006576 3.1413205783720066 0
1594201011094 3.1413205784034766 0
1594201019224 3.1413205783896885 0
1594201025823 3.14132057842727 0
1594201028979 3.141320578421952 0
1594201037620 3.1413205784372518 0
1594201044473 3.141319543525127 0
