1594200914862 0.4683045873205413 0
1594200921465 0.468303558078364 0
1594200926061 0.46830282315606825 0
1594200930698 0.46830225656334706 0
1594200941473 0.4683004169453226 0
1594200945769 0.4684748345977854 0
1594200950102 0.46847339727564 0
1594200957230 0.46846999065179784 0
1594200961077 0.4684686230973349 0
1594200968187 0.4684681139598811 0
1594200976161 0.4684681790082258 0
1594200996921 0.46846839156651254 0
1594201001410 0.46846843230550633 0
1594201006346 0.4684684738714891 0
1594201010888 0.4684685218292457 0
1594201018988 0.4684686036470654 0
1594201025605 0.46846867112577356 0
1594201028765 0.4630984671410959 0
1594201037314 0.46310102709402473 0
1594201044249 0.46342892191460594 0
