1594200914872 -0.23365076540942578 0
1594200921487 -0.23364687650261012 0
1594200926078 -0.2336440099381931 0
1594200930715 -0.23364176377093368 0
1594200941485 -0.23363408969278648 0
1594200945784 -0.23978058222181034 0
1594200950116 -0.23975234675265453 0
1594200957250 -0.23968632542811213 0
1594200961096 -0.23965970852143048 0
1594200968203 -0.23965948255304742 0
1594200976204 -0.23966001808037177 0
1594200996938 -0.2396616915014938 0
1594201001430 -0.23966200976909924 0
1594201006362 -0.23966233967574577 0
1594201010912 -0.23966271145388543 0
1594201019005 -0.23966333793283898 0
1594201025627 -0.2396638647959277 0
1594201028782 -0.2689769180108403 0
1594201037340 -0.2689783139480785 0
1594201044265 -0.26835955643205595 0
