1594200915084 -0.07210837142507315 0
1594200921664 -0.07210837142506392 0
1594200926315 -0.0721083714250575 0
1594200931033 -0.07210837142505194 0
1594200941668 -0.0721083714250363 0
1594200945941 -0.07210836469711784 0
1594200950350 -0.07210837142502298 0
1594200957422 -0.07210837142501103 0
1594200961293 -0.07210837142500552 0
1594200968506 -0.0721083714249945 0
1594200976471 -0.07210837142498441 0
1594200997109 -0.07210837142495098 0
1594201001610 -0.07210837142494456 0
1594201006567 -0.07210837142493907 0
1594201011086 -0.0721083714249322 0
1594201019204 -0.07210837142491941 0
1594201025807 -0.07210837142490938 0
1594201028972 -0.0721083714249048 0
1594201037608 -0.07210837142489111 0
1594201044464 -0.07210838564719341 0
