1594200914837 0.17325881 0
1594200921410 -0.011904103 0
1594200926017 -0.8843097 0
1594200930626 -0.3024314 0
1594200941436 0.7656298 0
1594200945716 -0.39912483 0
1594200950060 -0.07322458 0
1594200957169 0.10742075 0
1594200961014 -0.21567178 0
1594200968144 0.6241746 0
1594200976085 0.32463896 0
1594200996871 0.7985761 0
1594201001356 0.03585908 0
1594201006298 -0.1929703 0
1594201010842 -0.048501715 0
1594201018934 0.3534856 0
1594201025548 0.9143903 0
1594201028722 -0.47147542 0
1594201037259 0.8789429 0
1594201044203 -0.5721212 0
