1594200914826 -0.05435444 0
1594200921392 0.17533536 0
1594200926004 0.09044491 0
1594200930586 -0.6568611 0
1594200941416 0.5331155 0
1594200945693 -0.1216981 0
1594200950046 0.77943254 0
1594200957129 0.019560225 0
1594200960998 0.18712458 0
1594200968129 0.26434416 0
1594200976069 0.793401 0
1594200996854 -0.9846253 0
1594201001337 -0.80629575 0
1594201006285 -0.44662255 0
1594201010826 -0.9537544 0
1594201018917 -0.102320686 0
1594201025532 -0.026658377 0
1594201028709 -0.60902834 0
1594201037242 -0.32468396 0
1594201044188 -0.048689257 0
