1594200370630 0.2843134 0
1594200373819 0.47952983 0
1594200376781 -0.25760978 0
1594200388665 0.7483052 0
1594200391560 -0.26309747 0
1594200398041 0.7477828 0
1594200403689 0.45241186 0
1594200409331 0.12929802 0
1594200414970 0.91168386 0
1594200417637 -0.37157118 0
1594200420488 -0.50552803 0
1594200423698 -0.03362657 0
1594200427967 -0.39854598 0
1594200431404 -0.015029418 0
1594200441147 -0.9896643 0
1594200444411 -0.97736245 0
1594200447867 0.7058413 0
1594200451178 0.9146603 0
1594200454521 -0.3094849 0
1594200458679 0.73069346 0
