1594200370635 -0.24465357 0
1594200373833 -0.7991432 0
1594200376796 -0.2594931 0
1594200388678 0.8826755 0
1594200391572 0.7666877 0
1594200398056 0.95880485 0
1594200403701 0.51866394 0
1594200409345 -0.4356331 0
1594200414985 -0.21251467 0
1594200417652 -0.39454824 0
1594200420502 0.7692339 0
1594200423712 0.7781483 0
1594200427982 -0.058945473 0
1594200431419 0.17822811 0
1594200441162 0.26104376 0
1594200444426 0.9836801 0
1594200447880 0.19514179 0
1594200451190 -0.7726 0
1594200454533 0.69716007 0
1594200458692 -0.3357134 0
