1594200370641 0.5967196414653579 0
1594200373849 0.5967012826166829 0
1594200376811 0.5966842659859998 0
1594200388693 0.5966016102610388 0
1594200391587 0.5965845264093028 0
1594200398071 0.5965394576663157 0
1594200403716 0.596503236076533 0
1594200409359 0.5964664141687765 0
1594200414999 0.5964373518312815 0
1594200417667 0.5964241567918652 0
1594200420517 0.5964078338330493 0
1594200423728 0.5963920049743364 0
1594200427997 0.5963652981786698 0
1594200431435 0.5963540202371997 0
1594200441176 0.5962954903609612 0
1594200444441 0.5920122277297298 0
1594200447894 0.5920121072522956 0
1594200451202 0.5920121287054674 0
1594200454544 0.5920121514328384 0
1594200458704 0.5920121775031897 0
