1594200370647 -0.20227271647172157 0
1594200373866 -0.2022570607149321 0
1594200376826 -0.2022425605447155 0
1594200388706 -0.20217367104443618 0
1594200391602 -0.20215944307319655 0
1594200398086 -0.20212290543125358 0
1594200403732 -0.20209271573797652 0
1594200409374 -0.20206295040119235 0
1594200415014 -0.20204121846871145 0
1594200417682 -0.2020300490714431 0
1594200420532 -0.20201728025520072 0
1594200423743 -0.20200534697135747 0
1594200428012 -0.20198460839133403 0
1594200431450 -0.20197538580721877 0
1594200441190 -0.2019316243044844 0
1594200444456 -0.20091011117122493 0
1594200447909 -0.2009101612254107 0
1594200451215 -0.20091015341850682 0
1594200454556 -0.20091014474828792 0
1594200458713 -0.20091013491048723 0
