1594200370738 0.11952938456399703 0
1594200373996 0.11852162818225097 0
1594200376944 0.1176030127300186 0
1594200388830 0.11292866095907192 0
1594200391730 0.11192793669225193 0
1594200398208 0.10924494210354056 0
1594200403855 0.10691539925858733 0
1594200409497 0.10455631095999258 0
1594200415147 0.10243823481066813 0
1594200417803 0.10155463196851686 0
1594200420662 0.10048300192450951 0
1594200423858 0.09940395692640339 0
1594200428132 0.0976216496806488 0
1594200431566 0.09680733447533374 0
1594200441313 0.09258948473372078 0
1594200444576 -0.0014815035178750984 0
1594200448033 -0.0014832791939138744 0
1594200451345 -0.001483246892235431 0
1594200454685 -0.0014832138797588035 0
1594200458868 -0.001483177549713052 0
