1594200370773 0.04777569177178624 0
1594200374036 0.04777570701611109 0
1594200376979 0.04777538159010755 0
1594200388864 0.047775476920056 0
1594200391764 0.04777540264718325 0
1594200398243 0.047775758377314584 0
1594200403890 0.047775625911394594 0
1594200409532 0.0477756298604505 0
1594200415189 0.04777577109889071 0
1594200417839 0.04777537417606662 0
1594200420701 0.047775551454388124 0
1594200423893 0.047775737581640554 0
1594200428167 0.04777569302230675 0
1594200431601 0.04777563778913492 0
1594200441350 0.04777574389982652 0
1594200444612 0.047775446431402295 0
1594200448069 0.047775609232130097 0
1594200451382 0.047775703058326104 0
1594200454733 0.04777573405232884 0
1594200458913 0.04777575915675027 0
