1594200370750 0.70760522263408 0
1594200374010 0.7076052261881675 0
1594200376956 0.7076052305785449 0
1594200388840 0.7076052443407128 0
1594200391741 0.7076052474709889 0
1594200398219 0.7076052554381259 0
1594200403867 0.7076052597860889 0
1594200409508 0.7076052635760854 0
1594200415161 0.7076052657824677 0
1594200417814 0.7076052661730567 0
1594200420675 0.7076052644019936 0
1594200423870 0.7076052624854587 0
1594200428144 0.7076052581696938 0
1594200431578 0.7076052516568752 0
1594200441325 0.7076052407150769 0
1594200444588 0.7076052316470314 0
1594200448045 0.7076052165670625 0
1594200451357 0.7076051959063523 0
1594200454700 0.707605171256583 0
1594200458883 0.7076051403782285 0
