1594200370703 -0.004579676593422087 0
1594200373958 -0.00457893345220699 0
1594200376909 -0.004581399535075001 0
1594200388794 -0.004579673661255292 0
1594200391690 -0.004581396840585404 0
1594200398173 -0.004581395385557753 0
1594200403820 -0.004581394476002766 0
1594200409462 -0.004581392888653334 0
1594200415106 -0.004581652403467417 0
1594200417766 -0.0045818295525040026 0
1594200420621 -0.004581701163592132 0
1594200423824 -0.00458270421878283 0
1594200428098 -0.0045818599832101155 0
1594200431532 -0.004582566603147119 0
1594200441276 -0.004581846042017108 0
1594200444540 -0.004581732957165565 0
1594200447998 -0.004582815836180005 0
1594200451307 -0.004581716570984443 0
1594200454651 -0.004581601613856023 0
1594200458810 -0.004582771018634219 0
