1594200370665 -0.003198285982145808 0
1594200373917 -0.003200802419502284 0
1594200376870 -0.003200812125493611 0
1594200388753 -0.003202100522473279 0
1594200391646 -0.0032054912891986698 0
1594200398130 -0.003197729819008593 0
1594200403778 -0.0032027387057656544 0
1594200409418 -0.0031996798174840184 0
1594200415060 -0.0032005705780888774 0
1594200417728 -0.003203842324247562 0
1594200420579 -0.0032002883774612553 0
1594200423789 -0.003200764618373601 0
1594200428058 -0.0031971389325220188 0
1594200431496 -0.0032007550705740436 0
1594200441231 -0.0032007803962029115 0
1594200444503 -0.002630419557054297 0
1594200447954 -0.0026295388019386247 0
1594200451254 -0.0026297409663361654 0
1594200454594 -0.002629940890056873 0
1594200458755 -0.0026301741276918656 0
