1594200370767 1.5333646722715981 0
1594200374029 1.533364764394035 0
1594200376974 1.5333644431610407 0
1594200388858 1.5333644348827198 0
1594200391759 1.5333644677436589 0
1594200398237 1.5333647997484894 0
1594200403885 1.5333646764280549 0
1594200409525 1.5333646847693896 0
1594200415181 1.5333648133565987 0
1594200417832 1.5333644243173015 0
1594200420692 1.5333645358157146 0
1594200423887 1.5333649089597654 0
1594200428161 1.5333647416006055 0
1594200431596 1.533364658225632 0
1594200441343 1.5333647791157292 0
1594200444607 1.5333642506378984 0
1594200448063 1.5333643415034421 0
1594200451375 1.533364443077402 0
1594200454725 1.5333645650178687 0
1594200458906 1.5333644981190409 0
