1594200370715 0.6784620256484049 0
1594200373971 0.6784408779852737 0
1594200376920 0.6784213894091539 0
1594200388806 0.6783270320598181 0
1594200391706 0.6783074310866472 0
1594200398184 0.6782563818896079 0
1594200403832 0.6782142561507262 0
1594200409473 0.6781721405419623 0
1594200415120 0.6781389828465565 0
1594200417778 0.6781233921529883 0
1594200420632 0.6781047486496482 0
1594200423836 0.6780866995343027 0
1594200428109 0.6780561641779373 0
1594200431544 0.6780426613534257 0
1594200441289 0.6779754686573639 0
1594200444553 0.6768504853188102 0
1594200448009 0.6768504521404687 0
1594200451320 0.676850453409484 0
1594200454663 0.6768504557728667 0
1594200458829 0.6768504578310695 0
