1594200370652 -0.07642059955688145 0
1594200373883 -0.07642059262832203 0
1594200376841 -0.07642057264690562 0
1594200388722 -0.07642058640091536 0
1594200391616 -0.07642059639947515 0
1594200398100 -0.07642061655699371 0
1594200403747 -0.07642059004840143 0
1594200409389 -0.07642057229787236 0
1594200415029 -0.07642063498063438 0
1594200417697 -0.076420574208665 0
1594200420547 -0.07642056392300597 0
1594200423759 -0.07642063581499238 0
1594200428026 -0.07642065254050213 0
1594200431465 -0.0764205389631737 0
1594200441203 -0.07642066231684408 0
1594200444471 -0.07642259269466173 0
1594200447924 -0.07642258036249361 0
1594200451228 -0.07642257906914805 0
1594200454569 -0.07642257845208364 0
1594200458727 -0.07642257753510141 0
