1594200370744 0.6705485374954201 0
1594200374004 0.670235343305716 0
1594200376950 0.6699464638070733 0
1594200388835 0.6685256054398404 0
1594200391735 0.6682290346836676 0
1594200398213 0.6674419847225808 0
1594200403861 0.6667732680884211 0
1594200409502 0.6661071020699713 0
1594200415154 0.6654705392767086 0
1594200417809 0.6652231450694173 0
1594200420669 0.6649388913189332 0
1594200423864 0.6646705122521359 0
1594200428138 0.6642129198108945 0
1594200431572 0.6639975806514907 0
1594200441320 0.6629216113399662 0
1594200444583 0.6450877488024271 0
1594200448039 0.6450873742281038 0
1594200451351 0.6450873177144588 0
1594200454692 0.6450873177572376 0
1594200458876 0.6450872612603463 0
