1594200370726 -0.08653949612176422 0
1594200373983 -0.08655410567028166 0
1594200376932 -0.08656752544114793 0
1594200388817 -0.08663311852349687 0
1594200391717 -0.0866472257058511 0
1594200398195 -0.08668328036734353 0
1594200403843 -0.08671515801369793 0
1594200409485 -0.08674746372520951 0
1594200415132 -0.08677568987328324 0
1594200417791 -0.08678849263086334 0
1594200420649 -0.08680355096203538 0
1594200423847 -0.08681784903459552 0
1594200428120 -0.08684297522421351 0
1594200431554 -0.0868547413322624 0
1594200441301 -0.08691122415292336 0
1594200444564 -0.09630158510909351 0
1594200448021 -0.0963015794257753 0
1594200451332 -0.09630157885800404 0
1594200454674 -0.09630157793455162 0
1594200458850 -0.09630157709653807 0
