1594200370670 2.1039114539351162 0
1594200373924 2.1037998497031807 0
1594200376879 2.103700578461052 0
1594200388766 2.1032074838551256 0
1594200391661 2.1031005333756294 0
1594200398143 2.1028304924004972 0
1594200403790 2.1025890140337715 0
1594200409433 2.1023491702037265 0
1594200415072 2.1020825769980753 0
1594200417737 2.101989419238988 0
1594200420592 2.1018747900142762 0
1594200423795 2.101752748215452 0
1594200428069 2.1015571067066583 0
1594200431503 2.101468489075381 0
1594200441246 2.1009690998287094 0
1594200444510 2.1295702909116 0
1594200447968 2.1295705625640493 0
1594200451268 2.1295705617935585 0
1594200454606 2.129570560932383 0
1594200458769 2.1295705599563486 0
