1594200370659 -0.0019323986915326039 0
1594200373900 -0.0019225150421870053 0
1594200376855 -0.0019149918094203734 0
1594200388738 -0.0019143807530744932 0
1594200391631 -0.0019108026735658746 0
1594200398116 -0.001937260378436505 0
1594200403763 -0.0019164629578199202 0
1594200409403 -0.0019240510395129072 0
1594200415044 -0.00193311388171912 0
1594200417712 -0.0019094373529620877 0
1594200420563 -0.0019162527886861884 0
1594200423774 -0.0019316287395969574 0
1594200428042 -0.0019391610371349525 0
1594200431480 -0.001915731187138333 0
1594200441217 -0.001937148968759361 0
1594200444487 -0.004743179033303754 0
1594200447939 -0.004748822109659064 0
1594200451241 -0.00474787106105771 0
1594200454581 -0.004746855239581376 0
1594200458741 -0.0047456921230713805 0
