1594200370780 2.409476579706376 0
1594200374042 2.4094768283593706 0
1594200376985 2.4094769947545926 0
1594200388870 2.4094779009595113 0
1594200391770 2.4094780606531994 0
1594200398249 2.4094785855498673 0
1594200403896 2.4094788213592313 0
1594200409537 2.4094791180614545 0
1594200415195 2.409479197248223 0
1594200417844 2.40947921507343 0
1594200420707 2.4094791750387836 0
1594200423899 2.4094789534242356 0
1594200428173 2.409478812431143 0
1594200431607 2.4094783862972737 0
1594200441356 2.4094777558983087 0
1594200444619 2.4094774036535576 0
1594200448074 2.409476533967339 0
1594200451388 2.4094751526658102 0
1594200454741 2.4094736352003387 0
1594200458921 2.409471797065149 0
