1594200370720 -0.26476650650715905 0
1594200373977 -0.26476113517098265 0
1594200376926 -0.26475601971044904 0
1594200388812 -0.26473312284988326 0
1594200391712 -0.26472868492431817 0
1594200398190 -0.2647173549839214 0
1594200403838 -0.26470887348593125 0
1594200409480 -0.2647009173966227 0
1594200415127 -0.2646966669993519 0
1594200417785 -0.26469377288260165 0
1594200420641 -0.26469089729119255 0
1594200423841 -0.2646887971061066 0
1594200428115 -0.2646844948441607 0
1594200431549 -0.2646827293203495 0
1594200441294 -0.26467544950952004 0
1594200444558 -0.2638181357951424 0
1594200448016 -0.26381812132806187 0
1594200451326 -0.2638181222001385 0
1594200454668 -0.2638181239082345 0
1594200458838 -0.2638181253732615 0
