1594200370709 -2.5070773745796595 0
1594200373964 -2.5068601985564256 0
1594200376914 -2.5066574176141994 0
1594200388800 -2.5056880419913723 0
1594200391700 -2.505485865889182 0
1594200398178 -2.5049645066965462 0
1594200403826 -2.5045307196092996 0
1594200409468 -2.5040964616222925 0
1594200415113 -2.396794875714106 0
1594200417773 -2.3967151146950783 0
1594200420627 -2.3966209419456006 0
1594200423830 -2.396519440036043 0
1594200428103 -2.396366605297661 0
1594200431537 -2.3962581415979565 0
1594200441283 -2.3959294470105887 0
1594200444547 -2.39582805835954 0
1594200448003 -2.3957267230747368 0
1594200451314 -2.395639835389126 0
1594200454657 -2.395545674733407 0
1594200458819 -2.3954370556881255 0
