1594200370755 -0.028747899265975964 0
1594200374016 -0.028747913783463034 0
1594200376961 -0.028747939938931526 0
1594200388847 -0.028747995694206347 0
1594200391747 -0.028748008036876407 0
1594200398226 -0.02874802505099376 0
1594200403872 -0.028748047993503525 0
1594200409514 -0.028748063642538676 0
1594200415167 -0.028748067325042356 0
1594200417821 -0.028748081935964107 0
1594200420680 -0.02874807556702864 0
1594200423876 -0.02874804845454214 0
1594200428150 -0.028748040616599205 0
1594200431584 -0.028748019536017858 0
1594200441331 -0.028747972786902734 0
1594200444594 -0.028747967338639716 0
1594200448051 -0.028747904519778426 0
1594200451363 -0.0287478114555556 0
1594200454708 -0.028747707622539066 0
1594200458890 -0.028747593081175218 0
