1594200370762 -0.07143727228279952 0
1594200374023 -0.07143727663896135 0
1594200376967 -0.07143727659018884 0
1594200388852 -0.0714372763122703 0
1594200391752 -0.07143727651034742 0
1594200398231 -0.07143727318966545 0
1594200403878 -0.071437272293775 0
1594200409520 -0.07143727238980191 0
1594200415175 -0.07143727174949059 0
1594200417826 -0.07143727613809017 0
1594200420686 -0.07143727569502163 0
1594200423881 -0.07143727302945523 0
1594200428155 -0.07143727174612109 0
1594200431589 -0.07143727359420894 0
1594200441338 -0.07143727265219157 0
1594200444601 -0.07143728981118053 0
1594200448056 -0.07143728339615511 0
1594200451369 -0.0714372798359256 0
1594200454716 -0.07143727779680943 0
1594200458897 -0.0714372798867297 0
