1594200370676 0.48824749006617996 0
1594200373930 0.48824942304116176 0
1594200376885 0.4882512666493679 0
1594200388771 0.48825988908423035 0
1594200391667 0.48826170907176086 0
1594200398149 0.4882663411008041 0
1594200403797 0.4882701871814347 0
1594200409438 0.4882740308579111 0
1594200415079 0.5296862575119263 0
1594200417743 0.5296868695846288 0
1594200420597 0.5296875869654679 0
1594200423801 0.5296883747934282 0
1594200428074 0.5296895313678566 0
1594200431509 0.5296903670702732 0
1594200441253 0.5296928647590445 0
1594200444517 0.5296936348978578 0
1594200447974 0.5296944185835406 0
1594200451281 0.5296950675272266 0
1594200454619 0.5296957817664251 0
1594200458781 0.5296966213841426 0
