1594200370687 -0.08389477877322656 0
1594200373944 -0.08389477333253202 0
1594200376897 -0.08389480202794718 0
1594200388783 -0.08389477879565749 0
1594200391679 -0.0838948020387275 0
1594200398160 -0.08389480204352667 0
1594200403808 -0.08389480204751969 0
1594200409450 -0.08389480205151761 0
1594200415092 -0.08389475903176355 0
1594200417755 -0.08389475886721552 0
1594200420609 -0.0838947588225185 0
1594200423812 -0.08389477180393227 0
1594200428086 -0.08389475883990921 0
1594200431520 -0.08389477190620778 0
1594200441264 -0.08389475887479123 0
1594200444528 -0.0838947592166503 0
1594200447985 -0.08389477265031661 0
1594200451295 -0.08389475925453159 0
1594200454640 -0.08389475909697726 0
1594200458795 -0.08389477214189346 0
