1594200370682 0.3369142379964153 0
1594200373938 0.3369190013619194 0
1594200376891 0.33692348121637233 0
1594200388777 0.3369447694870005 0
1594200391673 0.3369492310553077 0
1594200398155 0.3369606969948791 0
1594200403803 0.3369702380770162 0
1594200409444 0.33697979200553074 0
1594200415085 0.3223177576030011 0
1594200417748 0.32231990374062297 0
1594200420604 0.3223224347675165 0
1594200423806 0.3223251761756916 0
1594200428081 0.32232927667107325 0
1594200431514 0.32233220197398027 0
1594200441258 0.32234103581816514 0
1594200444522 0.3223437605810584 0
1594200447980 0.32234650035025425 0
1594200451288 0.32234882518899216 0
1594200454631 0.32235135727814074 0
1594200458788 0.32235429233781804 0
