1594200370732 0.270371503481053 0
1594200373990 0.27025897647619096 0
1594200376938 0.2701563100370912 0
1594200388823 0.2697026125692738 0
1594200391724 0.2696054483696387 0
1594200398202 0.26938805205856864 0
1594200403850 0.26920766444494393 0
1594200409490 0.26901379728435293 0
1594200415140 0.26885761428030786 0
1594200417796 0.2687815100158615 0
1594200420656 0.2686814558480869 0
1594200423853 0.26859766206469377 0
1594200428126 0.2684390529618911 0
1594200431561 0.26836141864391794 0
1594200441307 0.26806483407183107 0
1594200444570 0.0010458840491370507 0
1594200448027 0.001041397822533928 0
1594200451338 0.0010413971268016413 0
1594200454680 0.0010413626216318377 0
1594200458859 0.0010413421600817634 0
