1594200370696 -0.003791121065535531 0
1594200373951 -0.0037911317579371415 0
1594200376903 -0.003791050891988546 0
1594200388788 -0.003791119847758288 0
1594200391684 -0.0037910498850942925 0
1594200398166 -0.0037910490732029054 0
1594200403814 -0.0037910487124248257 0
1594200409456 -0.003791048138790834 0
1594200415098 -0.003791198306694581 0
1594200417760 -0.0037912334032499276 0
1594200420615 -0.0037911885724237976 0
1594200423818 -0.003791222713030182 0
1594200428091 -0.0037912279546187273 0
1594200431526 -0.003791206922359059 0
1594200441271 -0.0037912476120578404 0
1594200444535 -0.003791227964365023 0
1594200447991 -0.0037911526663351614 0
1594200451301 -0.0037912195172441483 0
1594200454646 -0.003791172079157363 0
1594200458804 -0.003791166224919979 0
