1594200370615 -0.5761679 0
1594200373805 -0.8958933 0
1594200376766 -0.013918977 0
1594200388651 0.8451371 0
1594200391547 -0.30883637 0
1594200398026 0.5886496 0
1594200403675 0.38660398 0
1594200409318 0.8922222 0
1594200414956 0.75450623 0
1594200417623 -0.7122164 0
1594200420475 -0.55318576 0
1594200423681 -0.11752923 0
1594200427953 0.88699144 0
1594200431389 -0.14833929 0
1594200441132 0.69469887 0
1594200444395 -0.6712313 0
1594200447852 -0.45255738 0
1594200451166 -0.3994725 0
1594200454511 -0.83362967 0
1594200458665 -0.77599347 0
