1594200370601 0.8985638 0
1594200373791 0.20665829 0
1594200376750 -0.64461726 0
1594200388637 0.92417425 0
1594200391534 -0.9686691 0
1594200398012 0.5031843 0
1594200403661 0.6757719 0
1594200409305 0.745824 0
1594200414942 -0.60939795 0
1594200417608 -0.18315335 0
1594200420462 -0.9773056 0
1594200423664 -0.09551493 0
1594200427939 -0.2984744 0
1594200431373 0.41210482 0
1594200441118 -0.5223815 0
1594200444379 0.5135034 0
1594200447839 0.85703206 0
1594200451153 -0.357875 0
1594200454501 0.16576445 0
1594200458652 0.26776913 0
