1594202098974 -0.0026447329003520207 0
1594202106108 -0.002633407503937805 0
1594202113520 -0.0026185650250009685 0
1594202118888 -0.002606294253237063 0
1594202122846 -0.0025952492178363588 0
1594202130659 -0.0025952711078188902 0
1594202136742 -0.0025952712419638176 0
1594202141539 -0.0025952218113907298 0
1594202145488 -0.0025952689950424763 0
1594202154569 -0.0025952692953542206 0
1594202161468 -0.0025952692055703146 0
1594202180859 -0.0025952693915791162 0
1594202188221 -0.0025952691610827746 0
