1594202098880 -0.0005433062525581618 0
1594202105987 -0.0005433651335179016 0
1594202113423 -0.0005433390521804364 0
1594202118794 -0.0005432915074569577 0
1594202122748 -0.000543286957595299 0
1594202130562 -0.000543380184132946 0
1594202136637 -0.0005433481820987341 0
1594202141444 -0.000543341352930763 0
1594202145384 -0.0005433409533645707 0
1594202154469 -0.0005433665562788807 0
1594202161366 -0.0005433466171066148 0
1594202180764 -0.0005433682182977224 0
1594202188126 -0.0005433829570489285 0
