1594202098926 -0.003823797492059667 0
1594202106044 -0.0038230719555725945 0
1594202113470 -0.0038229891611278833 0
1594202118842 -0.0038229677072156034 0
1594202122799 -0.0038227565893353414 0
1594202130609 -0.0038245072442117637 0
1594202136684 -0.0038252542338108506 0
1594202141492 -0.003824586935835714 0
1594202145435 -0.003824378103266323 0
1594202154517 -0.0038246171996825728 0
1594202161418 -0.003824886425436083 0
1594202180813 -0.003825128775602535 0
1594202188176 -0.0038246765435799523 0
