1594201762334 0.5275752 0
1594201770980 0.9221593 0
1594201780366 -0.7096324 0
1594201788863 0.28973907 0
1594201797300 -0.8787059 0
1594201805919 0.5008321 0
1594201814465 0.09571753 0
1594201822982 -0.2698251 0
1594201834437 0.5091394 0
1594201842629 0.09208696 0
1594201852869 -0.48722482 0
1594201862732 0.08536028 0
1594201872397 -0.38239133 0
1594201879859 -0.32718986 0
1594201888989 -0.30043164 0
1594201896932 0.5651457 0
1594201906681 0.30798066 0
1594201915979 -0.57584244 0
1594201923744 -0.68876565 0
1594201931506 0.99872017 0
