1594201762326 -0.6221539 0
1594201770965 0.8607593 0
1594201780352 0.1310347 0
1594201788848 -0.71647626 0
1594201797281 -0.6914942 0
1594201805905 0.512233 0
1594201814451 -0.6336706 0
1594201822969 0.9035783 0
1594201834422 -0.6561331 0
1594201842614 0.095328964 0
1594201852853 -0.5785392 0
1594201862714 0.6983348 0
1594201872380 0.22663142 0
1594201879842 -0.13794416 0
1594201888977 -0.618165 0
1594201896915 0.53709567 0
1594201906665 0.80825466 0
1594201915962 -0.88402265 0
1594201923730 0.6649254 0
1594201931490 -0.11334543 0
