1594201762388 0.5067155287533869 0
1594201771072 0.506715525352595 0
1594201780455 0.5067155110318026 0
1594201788954 0.5067154977939572 0
1594201797395 0.5067154843820063 0
1594201806014 0.5067154707942199 0
1594201814556 0.5067154570288631 0
1594201823082 0.5067154430842002 0
1594201834534 0.5067154229805284 0
1594201842721 0.5067154100654354 0
1594201852967 0.5067154051970953 0
1594201862825 0.5067153962465988 0
1594201872493 0.5067153874953552 0
1594201879956 0.506715381050725 0
1594201889080 0.5067153729183907 0
1594201897020 0.5067153660441165 0
1594201906772 0.5067153572986756 0
1594201916072 0.5067153489629248 0
1594201923841 0.5067153423036367 0
1594201931601 0.5067153356501453 0
