1594201762436 0.397412306513352 0
1594201771113 0.39741230736890065 0
1594201780517 0.3974123083823964 0
1594201788998 0.39741230932687166 0
1594201797442 0.39741231027748675 0
1594201806061 0.39741231122955606 0
1594201814602 0.3974123121830564 0
1594201823129 0.3974123131346282 0
1594201834588 0.39741231448729747 0
1594201842765 0.39741231541000116 0
1594201853014 0.39741231673842226 0
1594201862872 0.3974123180351144 0
1594201872535 0.39741231930047266 0
1594201879998 0.3974123202349814 0
1594201889122 0.39741232140960114 0
1594201897068 0.3974123224021716 0
1594201906817 0.39741232366585144 0
1594201916115 0.39741232487064554 0
1594201923887 0.3974123258355209 0
1594201931648 0.3974123268005398 0
