1594201762412 3.13311357197549 0
1594201771092 3.133114908235282 0
1594201780488 3.1331152890834932 0
1594201788976 3.133115638594338 0
1594201797419 3.133115990047919 0
1594201806037 3.1331163455245354 0
1594201814580 3.133116702570634 0
1594201823105 3.1331170617930706 0
1594201834558 3.1331175771789477 0
1594201842744 3.1331179467810695 0
1594201852990 3.1331183229679853 0
1594201862849 3.133118516337507 0
1594201872514 3.1331187003439314 0
1594201879977 3.1331188374743313 0
1594201889101 3.1331190073578266 0
1594201897043 3.133119150009326 0
1594201906793 3.1331193276764218 0
1594201916093 3.1331194979280554 0
1594201923864 3.133119632450972 0
1594201931623 3.133119765409487 0
