1594201762430 1.2826226023759562 0
1594201771106 1.2826243786385378 0
1594201780510 1.2826255672796143 0
1594201788991 1.2826266606793078 0
1594201797435 1.2826277782806308 0
1594201806054 1.2826288716247387 0
1594201814594 1.2826299891731492 0
1594201823122 1.2826311780191149 0
1594201834577 1.282632794652257 0
1594201842758 1.2826338870409149 0
1594201853006 1.2826349032478908 0
1594201862865 1.2826354974669834 0
1594201872528 1.2826362586324078 0
1594201879990 1.2826367820663473 0
1594201889115 1.2826373765146422 0
1594201897060 1.2826378756905477 0
1594201906808 1.2826386369144096 0
1594201916108 1.2826392313500434 0
1594201923879 1.2826397548136506 0
1594201931641 1.28264025408361 0
