1594201762472 -0.0016073987634324834 0
1594201771145 -0.001607197981552293 0
1594201780549 -0.0016071209252083937 0
1594201789026 -0.0016070999876386634 0
1594201797484 -0.0016070925606848172 0
1594201806093 -0.0016070900265090114 0
1594201814634 -0.0016070888778919534 0
1594201823166 -0.0016070890867100052 0
1594201834626 -0.0016070890061865631 0
1594201842793 -0.0016070887789619702 0
1594201853047 -0.0016070886491022804 0
1594201862908 -0.0016070887425067518 0
1594201872562 -0.0016070887579595805 0
1594201880025 -0.0016070885150005615 0
1594201889152 -0.0016070882661291463 0
1594201897099 -0.0016070882337346063 0
1594201906845 -0.0016070883642386234 0
1594201916146 -0.0016070884449434677 0
1594201923920 -0.0016070885226136375 0
1594201931680 -0.0016070883594335387 0
