1594201762465 0.0005739752074394334 0
1594201771134 0.0005739161421005718 0
1594201780541 0.0005739094338585897 0
1594201789018 0.0005739071849109608 0
1594201797470 0.0005739071243231264 0
1594201806086 0.0005739069330785537 0
1594201814625 0.0005739080202622249 0
1594201823159 0.0005739063549246137 0
1594201834615 0.000573906265955262 0
1594201842786 0.0005739068143485661 0
1594201853038 0.0005739067375659188 0
1594201862898 0.0005739065610659989 0
1594201872554 0.0005739064765318851 0
1594201880018 0.0005739068392349671 0
1594201889145 0.0005739077397766034 0
1594201897090 0.0005739077881370123 0
1594201906837 0.0005739071749545932 0
1594201916138 0.0005739067838292471 0
1594201923911 0.0005739064216391518 0
1594201931671 0.0005739068129576447 0
