1594201762356 -0.0456165363180245 0
1594201771026 -0.04561653823006283 0
1594201780413 -0.045616534309469756 0
1594201788912 -0.0456165381532616 0
1594201797354 -0.04561653686794118 0
1594201805964 -0.04561653543102858 0
1594201814522 -0.04561653446118881 0
1594201823036 -0.0456165382118097 0
1594201834495 -0.04561653429018368 0
1594201842670 -0.0456165354169843 0
1594201852917 -0.04561653628399879 0
1594201862784 -0.04561653540801428 0
1594201872448 -0.04561653819217994 0
1594201879912 -0.045616539082694266 0
1594201889033 -0.04561653539669533 0
1594201896973 -0.045616536835520964 0
1594201906724 -0.04561653817867233 0
1594201916031 -0.04561653810779596 0
1594201923794 -0.04561653817185365 0
1594201931555 -0.04561653441396907 0
