1594201762381 -1.5253353540737098 0
1594201771065 -1.5252302740910149 0
1594201780448 -1.5251251034333593 0
1594201788948 -1.5250259661716714 0
1594201797388 -1.5249286973310188 0
1594201806006 -1.5248322410741284 0
1594201814548 -1.5247347870348318 0
1594201823073 -1.5246353888670998 0
1594201834528 -1.5244991156054102 0
1594201842713 -1.524404255654465 0
1594201852959 -1.5242667117522681 0
1594201862817 -1.5241312807470155 0
1594201872487 -1.523997525950136 0
1594201879949 -1.523899110962226 0
1594201889073 -1.5237872286465761 0
1594201897012 -1.5236876972356794 0
1594201906764 -1.5235593210746543 0
1594201916064 -1.5234328477748007 0
1594201923833 -1.5233386116504462 0
1594201931594 -1.5232386762364039 0
