1594201762574 -0.4784713991506556 0
1594201771238 -0.47847214760885426 0
1594201780657 -0.4784729478645336 0
1594201789119 -0.47847363804421944 0
1594201797589 -0.47847436081995137 0
1594201806204 -0.4784750840746595 0
1594201814737 -0.4784758352920832 0
1594201823272 -0.47847658610892974 0
1594201834728 -0.47847758553570247 0
1594201842885 -0.4784783063051495 0
1594201853161 -0.47847930576145076 0
1594201863019 -0.4784803359404445 0
1594201872652 -0.47848134156797867 0
1594201880121 -0.47848211268314056 0
1594201889243 -0.4784829850452316 0
1594201897207 -0.47848375862388937 0
1594201906935 -0.47848476074622254 0
1594201916249 -0.47848570977396837 0
1594201924020 -0.4784864856021835 0
1594201931781 -0.4784872832111676 0
