1594201762550 -0.08307217023446542 0
1594201771218 -0.08307217341692116 0
1594201780629 -0.0830721729118158 0
1594201789097 -0.08307217567569365 0
1594201797565 -0.08307217233053212 0
1594201806180 -0.08307217249173698 0
1594201814713 -0.08307217425512471 0
1594201823248 -0.08307217659435295 0
1594201834703 -0.08307217630336015 0
1594201842863 -0.08307217484183552 0
1594201853134 -0.08307217603472913 0
1594201862995 -0.08307217638826761 0
1594201872632 -0.08307218007049287 0
1594201880096 -0.08307217939823178 0
1594201889221 -0.0830721783515935 0
1594201897183 -0.0830721806534301 0
1594201906915 -0.0830721795950934 0
1594201916226 -0.0830721807005227 0
1594201923997 -0.08307218412800517 0
1594201931757 -0.08307218293564883 0
