1594201762535 0.5940758430535175 0
1594201771203 0.5940759599532914 0
1594201780613 0.5940760755489137 0
1594201789082 0.5940761757660935 0
1594201797550 0.5940762855629944 0
1594201806166 0.5940763962566007 0
1594201814697 0.5940765077144567 0
1594201823232 0.5940766196510521 0
1594201834689 0.5940767753469637 0
1594201842850 0.5940768794804973 0
1594201853116 0.594077039588832 0
1594201862981 0.5940771943408263 0
1594201872618 0.594077353055515 0
1594201880082 0.5940774590320836 0
1594201889208 0.5940776007850341 0
1594201897169 0.5940777213553022 0
1594201906901 0.5940778712693546 0
1594201916212 0.5940780229384782 0
1594201923981 0.5940781429112539 0
1594201931743 0.5940782620478658 0
