1594201762496 0.1167572236857362 0
1594201771167 0.11675623319405125 0
1594201780572 0.1167552125241542 0
1594201789047 0.11675428176886116 0
1594201797508 0.11675335087568947 0
1594201806121 0.11675241984459611 0
1594201814657 0.11675148867553922 0
1594201823192 0.11675055736847638 0
1594201834648 0.11674923527625634 0
1594201842815 0.1167483336902283 0
1594201853071 0.11674701113000878 0
1594201862936 0.11674571835896462 0
1594201872583 0.11674445539553882 0
1594201880047 0.11674352304538707 0
1594201889173 0.11674234989220225 0
1594201897123 0.1167413570530089 0
1594201906865 0.11674009321254779 0
1594201916169 0.11673888931856889 0
1594201923943 0.11673792603726944 0
1594201931702 0.11673696260826062 0
