1594201762341 0.5860180135774978 0
1594201770995 0.5860137023324155 0
1594201780383 0.5860093451027526 0
1594201788879 0.5860052729663536 0
1594201797316 0.5860012647712202 0
1594201805934 0.5859972728995714 0
1594201814485 0.585993253180481 0
1594201822998 0.5859891840783494 0
1594201834455 0.5859835404768919 0
1594201842642 0.5859796348848079 0
1594201852886 0.585973975337402 0
1594201862750 0.5859683942581394 0
1594201872415 0.585962904159106 0
1594201879874 0.5859588616133002 0
1594201889003 0.5859542369980971 0
1594201896945 0.5859501539013674 0
1594201906693 0.5859448779728346 0
1594201915995 0.5859396706675593 0
1594201923760 0.585935791981489 0
1594201931522 0.5859316684194453 0
