1594201762503 -0.09828487162478095 0
1594201771175 -0.09828487162480237 0
1594201780579 -0.09828487162482448 0
1594201789054 -0.09828487162484467 0
1594201797516 -0.0982848716248649 0
1594201806127 -0.09828487162488518 0
1594201814665 -0.09828487162490551 0
1594201823200 -0.09828487162492584 0
1594201834656 -0.09828487162495483 0
1594201842821 -0.09828487162497464 0
1594201853078 -0.09828487162500373 0
1594201862945 -0.09828487162503224 0
1594201872590 -0.09828487162506018 0
1594201880053 -0.09828487162508084 0
1594201889179 -0.09828487162510692 0
1594201897130 -0.09828487162512901 0
1594201906872 -0.09828487162515721 0
1594201916178 -0.09828487162518412 0
1594201923950 -0.09828487162520572 0
1594201931710 -0.09828487162522734 0
