1594201762518 -0.008068728907135728 0
1594201771189 -0.008068728829348485 0
1594201780596 -0.008068729338742973 0
1594201789069 -0.008068729156460067 0
1594201797534 -0.008068729260940712 0
1594201806151 -0.008068729365415984 0
1594201814680 -0.00806872946988589 0
1594201823215 -0.008068729056017524 0
1594201834672 -0.008068729152011246 0
1594201842836 -0.008068729064487207 0
1594201853097 -0.008068729037360285 0
1594201862964 -0.008068728832872367 0
1594201872604 -0.00806872911110493 0
1594201880067 -0.008068728969318095 0
1594201889194 -0.008068729230682284 0
1594201897153 -0.008068728928334329 0
1594201906887 -0.008068728688210361 0
1594201916193 -0.008068729025521006 0
1594201923966 -0.00806872908281293 0
1594201931726 -0.008068729132959092 0
