1594201762480 1.9611772082145744 0
1594201771154 1.9611771092775434 0
1594201780556 1.9611771093050459 0
1594201789033 1.9611770429688764 0
1594201797493 1.9611769439289422 0
1594201806100 1.961176943929823 0
1594201814642 1.9611769439292792 0
1594201823175 1.9611767785444532 0
1594201834635 1.9611767785445482 0
1594201842801 1.9611767785441723 0
1594201853054 1.9611766795021677 0
1594201862919 1.9611766131582766 0
1594201872569 1.9611765141162405 0
1594201880033 1.9611765141160187 0
1594201889160 1.9611763487292553 0
1594201897109 1.9611763487292257 0
1594201906852 1.961176348729681 0
1594201916154 1.9611762496878826 0
1594201923927 1.9611761833441244 0
1594201931687 1.9611760843017714 0
