1594201762396 -0.3815254029308273 0
1594201771078 -0.38152540928356843 0
1594201780464 -0.3815253994493341 0
1594201788961 -0.3815253903583838 0
1594201797402 -0.38152538114750173 0
1594201806022 -0.38152537181550344 0
1594201814564 -0.3815253623612016 0
1594201823089 -0.38152535278340766 0
1594201834543 -0.38152533897477403 0
1594201842730 -0.3815253268094534 0
1594201852974 -0.38152530109161115 0
1594201862832 -0.381525294625737 0
1594201872500 -0.38152528830279236 0
1594201879963 -0.3815252836439429 0
1594201889086 -0.3815252777662641 0
1594201897027 -0.3815252727963424 0
1594201906778 -0.3815252664721861 0
1594201916079 -0.3815252604439213 0
1594201923848 -0.381525255626705 0
1594201931608 -0.3815252508127048 0
