1594201762404 -0.08535116143645823 0
1594201771085 -0.08535116284631679 0
1594201780479 -0.0853511630254879 0
1594201788969 -0.08535116319044678 0
1594201797410 -0.085351163356942 0
1594201806030 -0.08535116352498694 0
1594201814572 -0.08535116369459583 0
1594201823097 -0.08535116386578376 0
1594201834551 -0.08535116411150317 0
1594201842737 -0.08535116294174498 0
1594201852982 -0.0853511538759495 0
1594201862840 -0.08535115384553432 0
1594201872507 -0.08535115381476625 0
1594201879970 -0.08535115379130728 0
1594201889093 -0.08535115376111414 0
1594201897035 -0.08535115373487309 0
1594201906785 -0.08535115370059557 0
1594201916086 -0.08535115366711268 0
1594201923856 -0.08535115363970601 0
1594201931616 -0.08535115361176777 0
