1594201762445 -0.40233585365547886 0
1594201771121 -0.4023358546740655 0
1594201780525 -0.4023358558506621 0
1594201789005 -0.4023358569624438 0
1594201797453 -0.4023358580840985 0
1594201806069 -0.4023358592095184 0
1594201814609 -0.40233586033543806 0
1594201823136 -0.40233586146364314 0
1594201834598 -0.4023358630637913 0
1594201842772 -0.40233586415439004 0
1594201853023 -0.4023358657820612 0
1594201862881 -0.40233586737653204 0
1594201872541 -0.4023358689323152 0
1594201880004 -0.40233587008070104 0
1594201889128 -0.4023358715233979 0
1594201897076 -0.40233587274351496 0
1594201906823 -0.40233587429794526 0
1594201916122 -0.40233587577965607 0
1594201923895 -0.40233587696639916 0
1594201931656 -0.40233587815232336 0
