1594201762511 -0.0006383102362616462 0
1594201771182 -0.0006383102965383139 0
1594201780587 -0.0006383103058217524 0
1594201789062 -0.0006383106133156286 0
1594201797526 -0.0006383105328374986 0
1594201806135 -0.0006383104523523964 0
1594201814672 -0.0006383103718603225 0
1594201823208 -0.0006383102426039765 0
1594201834665 -0.0006383103440108318 0
1594201842829 -0.0006383105609722014 0
1594201853088 -0.0006383108599750862 0
1594201862954 -0.000638310624506912 0
1594201872598 -0.0006383105850951836 0
1594201880060 -0.0006383108998207114 0
1594201889187 -0.0006383110574246373 0
1594201897144 -0.0006383106406672408 0
1594201906881 -0.0006383105526446195 0
1594201916186 -0.0006383105699745594 0
1594201923957 -0.0006383105468308331 0
1594201931720 -0.0006383105640544368 0
