1594201762373 1.0786063234782104 0
1594201771056 1.0786061991377927 0
1594201780440 1.0786063761974882 0
1594201788940 1.078606181720616 0
1594201797380 1.0786062322268115 0
1594201805999 1.0786063376477515 0
1594201814540 1.078606380727719 0
1594201823064 1.078606197796407 0
1594201834516 1.078606378114004 0
1594201842698 1.0786063712734526 0
1594201852950 1.0786063218065283 0
1594201862805 1.07860634330781 0
1594201872480 1.0786061887812146 0
1594201879943 1.078606132809511 0
1594201889065 1.078606354257188 0
1594201897001 1.0786062373295864 0
1594201906756 1.0786061767704715 0
1594201916057 1.07860615908213 0
1594201923824 1.078606196211898 0
1594201931586 1.0786063643940103 0
