1594201762419 -0.02165278646838301 0
1594201771100 -0.02165337017087242 0
1594201780500 -0.02165351032472786 0
1594201788983 -0.021653639338890782 0
1594201797428 -0.02165376988700631 0
1594201806046 -0.02165390103108014 0
1594201814587 -0.021654033430521993 0
1594201823114 -0.021654166741432133 0
1594201834569 -0.021654357522565726 0
1594201842751 -0.021654299312702855 0
1594201853000 -0.02165311008723354 0
1594201862857 -0.02165316376961941 0
1594201872521 -0.02165321609199183 0
1594201879984 -0.021653251750665316 0
1594201889108 -0.021653299523475972 0
1594201897052 -0.02165333922028523 0
1594201906800 -0.02165338913537619 0
1594201916100 -0.021653434858930433 0
1594201923873 -0.02165347089607725 0
1594201931632 -0.02165350800637614 0
