1594201762349 -0.007118299772046688 0
1594201771010 -0.007117170256668767 0
1594201780399 -0.007116020640934114 0
1594201788896 -0.007114958135845102 0
1594201797336 -0.007113906455348856 0
1594201805951 -0.007112859138671499 0
1594201814504 -0.007111808630104135 0
1594201823017 -0.007110749720948711 0
1594201834475 -0.007109272234672658 0
1594201842655 -0.0071082562372159755 0
1594201852899 -0.007106785087863996 0
1594201862767 -0.007105334932226331 0
1594201872430 -0.007103915189920279 0
1594201879890 -0.007102868606612575 0
1594201889018 -0.007101668230068727 0
1594201896960 -0.0071006163292068585 0
1594201906710 -0.007099256644637268 0
1594201916013 -0.007097914577900596 0
1594201923778 -0.007096916560919686 0
1594201931538 -0.007095852512940172 0
