1594201762558 3.135507651833626 0
1594201771224 3.1354987971532506 0
1594201780639 3.1354894834942493 0
1594201789104 3.1354808034431843 0
1594201797573 3.1354723110312244 0
1594201806188 3.135463785342819 0
1594201814722 3.1354552231943145 0
1594201823256 3.1354466204312135 0
1594201834712 3.1354341212021746 0
1594201842871 3.1354255527312205 0
1594201853146 3.1354129786137315 0
1594201863003 3.1354006293062375 0
1594201872639 3.1353885554339067 0
1594201880102 3.135379358755407 0
1594201889229 3.135368446177849 0
1594201897191 3.1353592020859646 0
1594201906923 3.1353469834389145 0
1594201916234 3.135335109252736 0
1594201924004 3.135326042616808 0
1594201931765 3.1353163757462985 0
