1594201762567 -0.022279749293965964 0
1594201771232 -0.022276859921663686 0
1594201780647 -0.02227430694806066 0
1594201789111 -0.022272420291607264 0
1594201797582 -0.022269802934741532 0
1594201806196 -0.022267144496848586 0
1594201814730 -0.02226445606123442 0
1594201823263 -0.02226175836276069 0
1594201834721 -0.022258280476580402 0
1594201842878 -0.022256078536211657 0
1594201853154 -0.022252344782857123 0
1594201863010 -0.02224886306182635 0
1594201872646 -0.022244963271939037 0
1594201880114 -0.02224298181808895 0
1594201889237 -0.02223955760398614 0
1594201897200 -0.022236631087558308 0
1594201906928 -0.022233387778697107 0
1594201916242 -0.022229841753848286 0
1594201924013 -0.022226856657441906 0
1594201931772 -0.02222426405157355 0
