1594201762543 0.14601368798944223 0
1594201771211 0.14601380336918593 0
1594201780620 0.14601392845019429 0
1594201789091 0.14601404879711366 0
1594201797559 0.14601416063102843 0
1594201806172 0.14601427268904194 0
1594201814704 0.14601438506394046 0
1594201823238 0.14601449802349636 0
1594201834696 0.14601466529643148 0
1594201842857 0.14601478149719602 0
1594201853123 0.1460149478840174 0
1594201862988 0.14601511301933304 0
1594201872626 0.14601527055094934 0
1594201880089 0.14601539820892587 0
1594201889213 0.14601554116472462 0
1594201897177 0.14601566218851425 0
1594201906907 0.1460158269681643 0
1594201916219 0.14601598405521843 0
1594201923989 0.14601610182340116 0
1594201931750 0.14601623213468193 0
