1594201762527 1.1153434222882601 0
1594201771196 1.1152724696462402 0
1594201780604 1.1151993308310724 0
1594201789076 1.1151327124625612 0
1594201797541 1.1150659929379871 0
1594201806158 1.114999273412264 0
1594201814688 1.1149325538855397 0
1594201823224 1.1148658343576014 0
1594201834680 1.1147711633902249 0
1594201842844 1.1147066300602604 0
1594201853105 1.1146119590967556 0
1594201862972 1.1145193731629952 0
1594201872611 1.1144289353084382 0
1594201880074 1.1143622157840407 0
1594201889201 1.1142782602864194 0
1594201897161 1.1142071434379732 0
1594201906894 1.1141167055800898 0
1594201916202 1.1140305008243387 0
1594201923972 1.113961532048477 0
1594201931735 1.1138926262883753 0
