1594201762365 -1.4426643137955384 0
1594201771040 -1.4426628121756409 0
1594201780429 -1.4426647657121519 0
1594201788928 -1.4426628967052089 0
1594201797370 -1.4426632506312946 0
1594201805980 -1.4426645004034877 0
1594201814531 -1.4426646872654199 0
1594201823050 -1.442662734611292 0
1594201834508 -1.442664879381049 0
1594201842684 -1.4426645704171677 0
1594201852937 -1.4426642469407502 0
1594201862796 -1.4426645529927848 0
1594201872466 -1.44266290613973 0
1594201879929 -1.4426623456187158 0
1594201889048 -1.4426643933298064 0
1594201896986 -1.4426632409574018 0
1594201906741 -1.4426627721009992 0
1594201916049 -1.442662813140018 0
1594201923810 -1.4426629144177792 0
1594201931573 -1.4426644878401005 0
