1594201762488 0.28937606949022754 0
1594201771160 0.28937624512923193 0
1594201780564 0.2893764261530168 0
1594201789040 0.2893765912593583 0
1594201797500 0.2893767564184525 0
1594201806109 0.28937692163035644 0
1594201814648 0.28937708689512415 0
1594201823184 0.28937725221281474 0
1594201834642 0.28937748694825627 0
1594201842808 0.2893776470564235 0
1594201853062 0.28937788197172426 0
1594201862929 0.2893781116515735 0
1594201872576 0.2893783360889787 0
1594201880040 0.28937850180796243 0
1594201889167 0.28937871036899854 0
1594201897115 0.28937888690981994 0
1594201906859 0.2893791116858842 0
1594201916162 0.28937932584981235 0
1594201923935 0.2893794972453038 0
1594201931695 0.28937966869805903 0
