1594201762455 -0.09915698623030475 0
1594201771128 -0.09915698134166172 0
1594201780534 -0.09915697961557757 0
1594201789011 -0.09915697914125232 0
1594201797464 -0.0991569789809774 0
1594201806078 -0.09915697892501135 0
1594201814617 -0.09915697890764107 0
1594201823148 -0.09915697889720951 0
1594201834605 -0.09915697889461768 0
1594201842779 -0.09915697889581647 0
1594201853031 -0.09915697889561241 0
1594201862890 -0.09915697889412409 0
1594201872547 -0.09915697889278365 0
1594201880011 -0.09915697889346807 0
1594201889135 -0.0991569788950265 0
1594201897083 -0.0991569788945639 0
1594201906830 -0.0991569788920005 0
1594201916128 -0.09915697888988068 0
1594201923903 -0.09915697888817274 0
1594201931663 -0.09915697888850517 0
