1594201762318 -0.16722032 0
1594201770951 -0.40756983 0
1594201780336 -0.16776137 0
1594201788832 -0.38380334 0
1594201797265 -0.26895553 0
1594201805889 -0.4152659 0
1594201814430 -0.5636838 0
1594201822956 -0.5128978 0
1594201834405 0.81977105 0
1594201842601 -0.92372876 0
1594201852838 0.45342427 0
1594201862697 0.16118038 0
1594201872365 0.60264313 0
1594201879828 -0.22762457 0
1594201888961 0.47954425 0
1594201896902 -0.1990125 0
1594201906648 0.14570662 0
1594201915946 0.6339483 0
1594201923712 -0.14460129 0
1594201931473 -0.6129962 0
