1594201762305 -0.81739867 0
1594201770936 0.71618116 0
1594201780321 0.90969557 0
1594201788815 -0.7176313 0
1594201797247 -0.4783799 0
1594201805874 0.12600225 0
1594201814405 0.029488012 0
1594201822940 -0.60702336 0
1594201834384 -0.028899109 0
1594201842587 -0.6948736 0
1594201852825 0.92874515 0
1594201862678 0.7303737 0
1594201872352 0.7434777 0
1594201879813 -0.47243917 0
1594201888945 0.3032301 0
1594201896886 0.29352343 0
1594201906635 0.50847065 0
1594201915930 0.33908865 0
1594201923696 0.40459663 0
1594201931456 0.55772513 0
