1594199878159 -0.06562376 0
1594199886894 0.9463382 0
1594199901703 -0.5671923 0
1594199908940 -0.26637506 0
1594199918862 -0.5386297 0
1594199928565 -0.8546043 0
1594199938616 -0.8779548 0
1594199949971 0.58011013 0
1594199957292 0.028466005 0
1594199969012 -0.76179063 0
1594199982337 0.6474257 0
1594199991031 0.13000755 0
1594200006839 0.5854246 0
1594200013557 -0.42894715 0
1594200022975 -0.58773005 0
1594200031360 -0.06963127 0
1594200040089 -0.315887 0
1594200047065 0.8050456 0
1594200053591 -0.9002109 0
1594200060087 -0.2887403 0
