1594199878153 0.21291445 0
1594199886878 0.5690517 0
1594199901685 0.21671863 0
1594199908928 0.44230977 0
1594199918846 0.71906435 0
1594199928554 0.3860628 0
1594199938601 -0.28642023 0
1594199949956 0.8323167 0
1594199957270 -0.14387164 0
1594199968996 0.14180392 0
1594199982320 0.37934685 0
1594199991016 -0.45941412 0
1594200006823 -0.5922426 0
1594200013527 0.46860966 0
1594200022944 -0.5733054 0
1594200031341 -0.16126977 0
1594200040066 -0.121034 0
1594200047049 0.58958095 0
1594200053575 -0.8220677 0
1594200060071 0.037853826 0
