1594199878195 1.5333655375856134 0
1594199886960 1.5333677861076889 0
1594199901773 1.5333677412967444 0
1594199909004 1.5333673643641015 0
1594199918926 1.533367646216086 0
1594199928624 1.5333678322811588 0
1594199938678 1.5333677952029015 0
1594199950029 1.5333672897237127 0
1594199957386 1.5333673809473836 0
1594199969056 1.5333676464959005 0
1594199982405 1.53336769587473 0
1594199991092 1.533367846774867 0
1594200006871 1.5333678028319246 0
1594200013607 1.5333644830479685 0
1594200023006 1.533364516281043 0
1594200031442 1.5333644582022503 0
1594200040164 1.5333644900187189 0
1594200047129 1.5333644151166095 0
1594200053657 1.5333645268967087 0
1594200060151 1.5333644652763923 0
