1594199878324 0.047846227399932446 0
1594199887052 0.047943828934023054 0
1594199901880 0.04791740428538766 0
1594199909163 0.04790469304591209 0
1594199919078 0.04783369729113327 0
1594199928790 0.04782818673959668 0
1594199938794 0.04794385544611469 0
1594199950119 0.04793259182562463 0
1594199957561 0.04792770351907841 0
1594199969177 0.0479277191383725 0
1594199982512 0.047761395631665544 0
1594199991204 0.047777712962729424 0
1594200006982 0.04777838133780307 0
1594200013715 0.04777836847789532 0
1594200023117 0.047778353197863145 0
1594200031552 0.04777858573346592 0
1594200040275 0.04777857554952067 0
1594200047243 0.047778546538302796 0
1594200053772 0.04777844367831224 0
1594200060266 0.04777856552062104 0
