1594199878316 1.5333482841910817 0
1594199887045 1.5332978223007483 0
1594199901871 1.5333156287037915 0
1594199909153 1.5333428282769053 0
1594199919070 1.5334121173324569 0
1594199928780 1.5333596123606952 0
1594199938785 1.5332978476132981 0
1594199950113 1.5333083362319515 0
1594199957546 1.5333178089944548 0
1594199969169 1.533317753044556 0
1594199982501 1.5334045213887177 0
1594199991195 1.5333635813874058 0
1594200006974 1.5333583920357352 0
1594200013706 1.5333576652795262 0
1594200023110 1.533357416627932 0
1594200031544 1.5333578976916746 0
1594200040265 1.5333580949827315 0
1594200047232 1.5333578851212286 0
1594200053763 1.5333582974725883 0
1594200060256 1.5333574645812549 0
