1594199878205 0.04778369687671847 0
1594199886972 0.047813188250828156 0
1594199901783 0.04781300082959206 0
1594199909019 0.0478133489058516 0
1594199918942 0.04781159969977895 0
1594199928639 0.047813889385979025 0
1594199938693 0.04781319862485379 0
1594199950045 0.0478133345271774 0
1594199957405 0.0478133391709444 0
1594199969064 0.0478116279871399 0
1594199982412 0.04781276936015189 0
1594199991106 0.047814049314236794 0
1594200006879 0.04781472321137707 0
1594200013616 0.047777287859204445 0
1594200023015 0.04777728936710411 0
1594200031451 0.04777728202077976 0
1594200040171 0.04777728139847843 0
1594200047146 0.04777730871074403 0
1594200053672 0.04777730912158798 0
1594200060168 0.047777296449911334 0
