1594199878167 0.7041111057796312 0
1594199886910 0.7090338442412022 0
1594199901717 0.7090336593637575 0
1594199908960 0.7090335628785623 0
1594199918878 0.70903349324692 0
1594199928579 0.7090333423857995 0
1594199938631 0.7090332374856673 0
1594199949985 0.7090330572080643 0
1594199957313 0.7090329560627934 0
1594199969027 0.7090328864079425 0
1594199982355 0.7090327091617087 0
1594199991044 0.7090325737059764 0
1594200006848 0.7090323752730159 0
1594200013581 0.7763388862486912 0
1594200022983 0.7763389512903385 0
1594200031393 0.7763390081390743 0
1594200040111 0.7763390696688466 0
1594200047081 0.776339111579346 0
1594200053606 0.7763391579451072 0
1594200060103 0.7763392003691552 0
