1594199878226 0.4565927078699036 0
1594199886986 0.4565927082181301 0
1594199901799 0.45659270886887476 0
1594199909049 0.45659270916612477 0
1594199918974 0.45659270960610054 0
1594199928669 0.4565927099954 0
1594199938714 0.4565927104569926 0
1594199950062 0.45659269085576276 0
1594199957426 0.4565926878591503 0
1594199969081 0.4565926829421437 0
1594199982427 0.45659267729113 0
1594199991126 0.45659267677777726 0
1594200006895 0.4565926770928801 0
1594200013632 0.45659267712222673 0
1594200023032 0.456592677165771 0
1594200031467 0.4401858372888525 0
1594200040187 0.4401858372878028 0
1594200047162 0.44018583728699767 0
1594200053689 0.4401858372861969 0
1594200060183 0.44018583728542726 0
