1594199878273 -0.0010569977395142424 0
1594199887012 -0.0010570050201194007 0
1594199901830 -0.0010570186407696158 0
1594199909100 -0.0010570249779111392 0
1594199919028 -0.0010570347551275723 0
1594199928726 -0.0010570436816614607 0
1594199938747 -0.0010570543187040783 0
1594199950085 -0.001089743843746458 0
1594199957483 -0.0010921561863542146 0
1594199969122 -0.0010923039408100624 0
1594199982463 -0.0010924757379766343 0
1594199991156 -0.0010931543865154048 0
1594200006934 -0.0010932515301465512 0
1594200013663 -0.0010932515574345006 0
1594200023065 -0.00109325158472245 0
1594200031502 -0.0006635484787550067 0
1594200040227 -0.0006635500150014748 0
1594200047194 -0.0006635511376857492 0
1594200053725 -0.0006635522921161951 0
1594200060216 -0.0006635533965894358 0
