1594199878289 0.5709964659431448 0
1594199887025 0.5709955150061183 0
1594199901845 0.5709956710229578 0
1594199909122 0.5709954254650705 0
1594199919043 0.570995527778138 0
1594199928751 0.5710026253676765 0
1594199938763 0.5710015416476577 0
1594199950096 0.5710006018489915 0
1594199957510 0.5709999057688603 0
1594199969138 0.5709991492791855 0
1594199982477 0.5709997079620177 0
1594199991172 0.5587376129036757 0
1594200006952 0.5587398066071207 0
1594200013677 0.558741140629357 0
1594200023083 0.558743132632855 0
1594200031520 0.5587446652777905 0
1594200040242 0.5587465450844538 0
1594200047209 0.5587479459293829 0
1594200053740 0.55874929317307 0
1594200060234 0.5587506795148126 0
