1594199878216 2.508006167945301 0
1594199886979 2.3840071569709465 0
1594199901790 2.3840235789137636 0
1594199909035 2.3840304815280997 0
1594199918959 2.384040394633854 0
1594199928654 2.384049368743006 0
1594199938708 2.384059677392118 0
1594199950057 2.3840742149434315 0
1594199957416 2.3840829829131445 0
1594199969073 2.3840928557302243 0
1594199982420 2.384106052922465 0
1594199991119 2.384115530392036 0
1594200006888 2.3841313805990243 0
1594200013624 2.501745520503221 0
1594200023025 2.501746648046829 0
1594200031459 2.5017476069732987 0
1594200040178 2.501748654457665 0
1594200047154 2.5017494121696213 0
1594200053681 2.5017501748473947 0
1594200060176 2.501750933625635 0
