1594199878378 -0.007889595108594733 0
1594199887093 -0.007889594998793121 0
1594199901926 -0.007889595017772507 0
1594199909235 -0.007889595232779323 0
1594199919130 -0.007889595223435623 0
1594199928842 -0.007889594943635997 0
1594199938841 -0.007884674132664134 0
1594199950153 -0.007884674128234312 0
1594199957635 -0.007884674333450895 0
1594199969249 -0.007884674278271823 0
1594199982560 -0.007884674403438728 0
1594199991256 -0.00788467460570667 0
1594200007030 -0.007884674549520774 0
1594200013763 -0.00788467407948157 0
1594200023166 -0.00788467429393997 0
1594200031600 -0.007884674536014795 0
1594200040325 -0.007884674117352174 0
1594200047292 -0.00788467451494474 0
1594200053822 -0.007884674549051887 0
1594200060316 -0.00788467448231768 0
