1594199878249 -0.09868227754856944 0
1594199886998 -0.09868227677384822 0
1594199901813 -0.09868227577264901 0
1594199909078 -0.09868227543916108 0
1594199919004 -0.09868227503823813 0
1594199928697 -0.0986822747295339 0
1594199938730 -0.09868227443674348 0
1594199950073 -0.0986823648810468 0
1594199957453 -0.09868232284629212 0
1594199969102 -0.0986823232368106 0
1594199982443 -0.09868232368791385 0
1594199991141 -0.09868230289796763 0
1594200006914 -0.09868229924589285 0
1594200013647 -0.09868229924531044 0
1594200023047 -0.09868229924444423 0
1594200031484 -0.09868196921496274 0
1594200040207 -0.09868196921670816 0
1594200047178 -0.09868196921806573 0
1594200053709 -0.09868196921936928 0
1594200060201 -0.09868196922067654 0
