1594199878184 -0.06941657991612156 0
1594199886943 -0.06941752095643626 0
1594199901755 -0.0694175145574952 0
1594199908993 -0.06941754732333237 0
1594199918910 -0.0694175222602497 0
1594199928608 -0.06941754171263038 0
1594199938662 -0.06941752095936228 0
1594199950014 -0.06941754732689473 0
1594199957353 -0.06941754732760684 0
1594199969048 -0.06941752226400964 0
1594199982388 -0.06941750928352784 0
1594199991076 -0.06941754697656931 0
1594200006862 -0.06941756779791633 0
1594200013600 -0.06941650441280642 0
1594200022998 -0.06941650880524806 0
1594200031433 -0.06941650978008505 0
1594200040156 -0.06941650917102143 0
1594200047112 -0.06941650934283934 0
1594200053639 -0.06941650412131536 0
1594200060133 -0.06941650766829753 0
