1594199878237 0.29577609120441045 0
1594199886991 0.29577609165804547 0
1594199901806 0.29577609266470484 0
1594199909064 0.29577609316840836 0
1594199918989 0.2957760939466918 0
1594199928686 0.29577609465122323 0
1594199938722 0.29577609551250483 0
1594199950068 0.2957760456379752 0
1594199957439 0.2957760386459647 0
1594199969091 0.29577603447804446 0
1594199982435 0.29577602969058975 0
1594199991134 0.2957760269976138 0
1594200006905 0.29577602689552696 0
1594200013639 0.2957760269318848 0
1594200023040 0.29577602698583066 0
1594200031475 0.2864959996382225 0
1594200040197 0.2864959996294626 0
1594200047170 0.2864959996228277 0
1594200053701 0.2864959996162966 0
1594200060191 0.2864959996099181 0
