1594199878306 -0.07470656613435661 0
1594199887038 -0.07470732236449258 0
1594199901860 -0.07470726618487314 0
1594199909144 -0.07470791161914575 0
1594199919061 -0.07470853644916607 0
1594199928771 -0.07470650139634778 0
1594199938778 -0.07470732238818766 0
1594199950107 -0.07470742985647695 0
1594199957531 -0.07470764224261404 0
1594199969158 -0.07470764223691828 0
1594199982494 -0.07470636583419295 0
1594199991189 -0.0747055167636956 0
1594200006965 -0.07470570091675163 0
1594200013696 -0.07470572581679939 0
1594200023101 -0.07470574264381068 0
1594200031536 -0.0747057193826169 0
1594200040258 -0.07470571306433019 0
1594200047225 -0.07470571231299 0
1594200053755 -0.07470571486536398 0
1594200060248 -0.07470572125435143 0
