1594199878386 -1.0461259866060724 0
1594199887101 -1.0461718094083232 0
1594199901935 -1.046249570754267 0
1594199909251 -1.0462826332205748 0
1594199919140 -1.0463294171175517 0
1594199928850 -1.0463719793475574 0
1594199938849 -1.0464183991476066 0
1594199950158 -1.046487562267543 0
1594199957645 -1.046529060139903 0
1594199969264 -1.046575844036203 0
1594199982567 -1.0466385972052383 0
1594199991263 -1.0466833040289245 0
1594200007038 -1.046758765896114 0
1594200013770 -1.046791717166094 0
1594200023177 -1.0468405860845333 0
1594200031611 -1.0468841689850352 0
1594200040332 -1.0469298289453877 0
1594200047299 -1.046963852523313 0
1594200053829 -1.0469967521684418 0
1594200060323 -1.0470297034365998 0
