1594199878339 0.4789118824778981 0
1594199887066 0.4789109414099106 0
1594199901897 0.4789093440375664 0
1594199909189 0.4789086657983211 0
1594199919095 0.47890770323539195 0
1594199928808 0.4789068282791996 0
1594199938810 0.4789059775429459 0
1594199950130 0.47890455612114935 0
1594199957584 0.4789037033899504 0
1594199969191 0.47890274144396044 0
1594199982526 0.4789014517443861 0
1594199991222 0.478900533780569 0
1594200006998 0.47889898222550814 0
1594200013731 0.47889830488090757 0
1594200023133 0.4788972998952471 0
1594200031569 0.4788964042542165 0
1594200040292 0.47889546503177594 0
1594200047258 0.4788947661475508 0
1594200053791 0.4788940891620524 0
1594200060281 0.478893412234211 0
