1594199878347 -0.07578986934134845 0
1594199887073 -0.07579031461378462 0
1594199901904 -0.07579107041939129 0
1594199909202 -0.07579139133148975 0
1594199919104 -0.07579184677209756 0
1594199928817 -0.07579226076062391 0
1594199938817 -0.07579265979239709 0
1594199950136 -0.07579333235101 0
1594199957597 -0.0757937358277944 0
1594199969203 -0.07579419097981371 0
1594199982534 -0.07579480120985121 0
1594199991230 -0.07579523554986803 0
1594200007008 -0.07579596967592674 0
1594200013739 -0.07579629016436763 0
1594200023142 -0.07579676567693319 0
1594200031576 -0.07579718945207072 0
1594200040300 -0.07579763384724951 0
1594200047266 -0.0757979645254483 0
1594200053799 -0.07579828484188994 0
1594200060291 -0.07579860513071632 0
