1594199878332 -2.390726129197998 0
1594199887058 -2.3907285575209345 0
1594199901889 -2.390727860837882 0
1594199909176 -2.3907266185929843 0
1594199919087 -2.3907233852303587 0
1594199928799 -2.3888596315816737 0
1594199938802 -2.3888626559623964 0
1594199950124 -2.388809572978183 0
1594199957575 -2.388772842684646 0
1594199969184 -2.3887272846711913 0
1594199982518 -2.3886622029005973 0
1594199991212 -2.074564696636498 0
1594200006989 -2.0744960539778816 0
1594200013724 -2.074452855157774 0
1594200023125 -2.0743876821395792 0
1594200031560 -2.0743376837234018 0
1594200040283 -2.074276245868709 0
1594200047250 -2.074230199533369 0
1594200053779 -2.0741856484226373 0
1594200060273 -2.074141738534127 0
