1594199878366 -0.0005646848423016715 0
1594199887087 -0.0005646846850141229 0
1594199901919 -0.0005646846656180795 0
1594199909224 -0.0005646843680183606 0
1594199919123 -0.0005646848086236817 0
1594199928833 -0.000564685136521498 0
1594199938832 -0.0006442961056202582 0
1594199950146 -0.0006442959850545358 0
1594199957622 -0.0006442959003073513 0
1594199969234 -0.0006442959434354004 0
1594199982551 -0.0006442961261253286 0
1594199991244 -0.0006442960118500123 0
1594200007023 -0.0006442957700328011 0
1594200013755 -0.0006442958621480469 0
1594200023159 -0.000644296074185989 0
1594200031592 -0.0006442957549688163 0
1594200040317 -0.0006442958259587017 0
1594200047283 -0.000644295870588933 0
1594200053814 -0.0006442959430748177 0
1594200060306 -0.0006442958024443006 0
