1594199878281 1.3504446982196363 0
1594199887019 1.3504446981731575 0
1594199901837 1.350444698114464 0
1594199909112 1.3504446980954594 0
1594199919035 1.3504446980733593 0
1594199928739 1.3504446980567544 0
1594199938755 1.3504447910927042 0
1594199950090 1.3504448774918143 0
1594199957498 1.350445045125791 0
1594199969132 1.3504452128255084 0
1594199982470 1.350445380545445 0
1594199991163 1.3504454732191775 0
1594200006942 1.3504454731352762 0
1594200013671 1.3504454731352664 0
1594200023075 1.350445473135257 0
1594200031509 1.3521247326402255 0
1594200040235 1.352124732640757 0
1594200047202 1.3521247326411354 0
1594200053732 1.3521247326415418 0
1594200060223 1.3521247326419212 0
