1594199878295 0.17663791571632262 0
1594199887032 0.17663528293159267 0
1594199901851 0.17663604078916265 0
1594199909134 0.17663675170239046 0
1594199919052 0.1766392426517061 0
1594199928763 0.17672552705256517 0
1594199938770 0.17672236632541127 0
1594199950102 0.17671947961077242 0
1594199957519 0.17671751140023395 0
1594199969146 0.17671473959059075 0
1594199982485 0.17671550787157267 0
1594199991180 0.16938284848938281 0
1594200006959 0.16938482785559225 0
1594200013686 0.16938611381557808 0
1594200023094 0.1693880202366072 0
1594200031527 0.16938945512517994 0
1594200040250 0.16939124066911226 0
1594200047217 0.16939259594653033 0
1594200053748 0.16939389584265482 0
1594200060241 0.16939512837826218 0
