1594199878260 -0.0006655114968862478 0
1594199887005 -0.0006654189680531382 0
1594199901821 -0.0006652993389065752 0
1594199909090 -0.0006652593914231873 0
1594199919019 -0.0006652114232181063 0
1594199928714 -0.0006651743882187482 0
1594199938738 -0.0006651392511216312 0
1594199950079 -0.0006669989596550468 0
1594199957468 -0.0006656515620324669 0
1594199969113 -0.0006658077309635172 0
1594199982452 -0.0006659862105406145 0
1594199991148 -0.00066488258894736 0
1594200006924 -0.000664670020010949 0
1594200013655 -0.0006646699859346739 0
1594200023055 -0.0006646699518583991 0
1594200031493 -0.0006757897550244863 0
1594200040218 -0.0006757897934167652 0
1594200047185 -0.0006757897892188607 0
1594200053717 -0.0006757898384697032 0
1594200060207 -0.0006757898569740269 0
