1594199878356 -0.09834584048108445 0
1594199887080 -0.09834584048112298 0
1594199901912 -0.09834584048118832 0
1594199909213 -0.09834584048121607 0
1594199919112 -0.09834584048125543 0
1594199928824 -0.09834584048129119 0
1594199938825 -0.09834568967387249 0
1594199950141 -0.0983456896739106 0
1594199957609 -0.09834568967393341 0
1594199969218 -0.09834568967395921 0
1594199982543 -0.09834568967399372 0
1594199991237 -0.09834568967401827 0
1594200007014 -0.09834568967405978 0
1594200013746 -0.09834568967407788 0
1594200023150 -0.09834568967410472 0
1594200031584 -0.09834568967412864 0
1594200040308 -0.09834568967415372 0
1594200047275 -0.09834568967417237 0
1594200053805 -0.09834568967419043 0
1594200060298 -0.09834568967420848 0
