1594199878174 -0.34904172892110563 0
1594199886927 -0.3201495130855634 0
1594199901736 -0.32015005552261167 0
1594199908982 -0.3201502847016879 0
1594199918894 -0.32015063832709073 0
1594199928593 -0.3201508818893087 0
1594199938646 -0.32015123576468096 0
1594199949999 -0.3201517193612117 0
1594199957329 -0.3201520060420733 0
1594199969038 -0.32015235909877643 0
1594199982371 -0.32015276633939566 0
1594199991059 -0.3201530462141739 0
1594200006856 -0.32015355210125984 0
1594200013592 -0.37831211010634747 0
1594200022990 -0.3783121331264798 0
1594200031422 -0.37831215542041363 0
1594200040132 -0.3783121765243489 0
1594200047095 -0.3783121942933627 0
1594200053624 -0.37831220758596107 0
1594200060119 -0.3783122240303357 0
