1594199878145 0.7454569 0
1594199886861 -0.8942526 0
1594199901670 -0.9403113 0
1594199908891 -0.54178613 0
1594199918828 0.5779182 0
1594199928543 0.23974743 0
1594199938587 0.13886978 0
1594199949942 0.7947398 0
1594199957249 0.5300418 0
1594199968980 0.9400528 0
1594199982303 0.7995629 0
1594199991002 0.40774524 0
1594200006777 0.6616931 0
1594200013508 -0.44968516 0
1594200022902 0.781947 0
1594200031319 0.6029488 0
1594200040046 0.9078901 0
1594200047035 -0.5902133 0
1594200053558 -0.21565025 0
1594200060055 -0.8464723 0
