1594199878138 0.111956835 0
1594199886845 0.49918464 0
1594199901653 0.7628936 0
1594199908867 -0.3743937 0
1594199918810 0.9058528 0
1594199928528 0.217498 0
1594199938572 -0.043775506 0
1594199949927 0.4734353 0
1594199957233 0.104849435 0
1594199968950 0.30395275 0
1594199982284 0.4505827 0
1594199990988 0.081087865 0
1594200006733 -0.74547994 0
1594200013466 0.47252184 0
1594200022874 0.8136168 0
1594200031297 -0.2111474 0
1594200040030 0.25041062 0
1594200047018 0.4563602 0
1594200053543 0.5615359 0
1594200060042 0.01532969 0
