1594200633276 0.5799647 0
1594200638894 0.50916386 0
1594200643650 -0.28216326 0
1594200646945 -0.8167879 0
1594200659581 0.13565764 0
1594200669561 0.41319162 0
1594200672705 -0.36692655 0
1594200681258 0.3358352 0
1594200687973 0.040616684 0
1594200693458 0.15817246 0
1594200698741 -0.21461904 0
1594200702510 0.11231477 0
1594200708069 0.114407696 0
1594200712157 -0.9321628 0
1594200715872 -0.50001764 0
1594200719375 -0.8408696 0
1594200731759 -0.655921 0
1594200738083 0.49411473 0
1594200746406 -0.6571567 0
1594200755272 0.85203713 0
