1594200633269 -0.031672355 0
1594200638880 0.36160654 0
1594200643633 0.27146214 0
1594200646923 -0.64302385 0
1594200659564 -0.248405 0
1594200669548 0.9312249 0
1594200672692 -0.8246807 0
1594200681244 0.4534266 0
1594200687957 0.6127059 0
1594200693432 -0.7685451 0
1594200698724 -0.88517684 0
1594200702478 -0.5252135 0
1594200708046 -0.7782392 0
1594200712135 -0.5258233 0
1594200715855 -0.17553711 0
1594200719364 0.6264215 0
1594200731742 0.01511654 0
1594200738064 -0.6594699 0
1594200746391 -0.85006595 0
1594200755255 0.2677234 0
