1594200633316 -0.005967352654023166 0
1594200638998 -0.005984128383686646 0
1594200643729 -0.005984412030589462 0
1594200647003 -0.005984185337574864 0
1594200659661 -0.005984087626788632 0
1594200669652 -0.0059844354605458755 0
1594200672796 -0.005984138720344899 0
1594200681325 -0.005184760195811177 0
1594200688029 -0.005142525247962595 0
1594200693532 -0.005142570683709727 0
1594200698822 -0.0051426636440832394 0
1594200702579 -0.0051432068531662364 0
1594200708168 -0.005143080459480969 0
1594200712208 -0.005143049022651553 0
1594200715956 -0.0051428654704176666 0
1594200719438 -0.005142792631869555 0
1594200731847 -0.005142447701020412 0
1594200738161 0.0005978291283761807 0
1594200746484 0.000571146926137676 0
1594200755337 0.0005327899953782611 0
