1594200633332 0.7200302251835746 0
1594200639012 0.7200293992021632 0
1594200643746 0.7200287384940033 0
1594200647018 0.7200283421568431 0
1594200659675 0.7200264262176619 0
1594200669669 0.7200249069416389 0
1594200672818 0.720024510417588 0
1594200681349 0.7200232140584192 0
1594200688049 0.7200223306352259 0
1594200693550 0.7200216040041039 0
1594200698842 0.7200209434717922 0
1594200702595 0.7200204811706841 0
1594200708184 0.7200197215558946 0
1594200712224 0.7200192262335365 0
1594200715976 0.7200187639721147 0
1594200719464 0.7200183347685993 0
1594200731874 0.7200164194767493 0
1594200738177 0.5576405505055874 0
1594200746503 0.5576319166134391 0
1594200755356 0.5576298252477488 0
