1594200633324 -2.482481945293807 0
1594200639005 -2.4824728120535138 0
1594200643739 -2.4824657053412436 0
1594200647011 -2.482461351546251 0
1594200659667 -2.482454735930805 0
1594200669660 -2.4824384307809706 0
1594200672808 -2.482434189850597 0
1594200681340 -2.5321315789427237 0
1594200688039 -2.532123801088007 0
1594200693541 -2.53211716614207 0
1594200698831 -2.532110509533559 0
1594200702586 -2.532105608108501 0
1594200708176 -2.5320973876068664 0
1594200712216 -2.5320914495503186 0
1594200715965 -2.53208588900238 0
1594200719451 -2.5320807616552954 0
1594200731861 -2.5320658144200188 0
1594200738169 -2.553622085689679 0
1594200746495 -2.554046772908936 0
1594200755348 -2.55418486355055 0
