1594200633291 0.2153558788066697 0
1594200638952 0.21535563425983348 0
1594200643680 0.21535537850581687 0
1594200646967 0.21535522158984488 0
1594200659615 0.21535499445742304 0
1594200669605 0.21535440276960607 0
1594200672730 0.21535424458709967 0
1594200681285 0.2151652244502406 0
1594200688001 0.21516477787631094 0
1594200693506 0.21516444017607939 0
1594200698776 0.21516409694856511 0
1594200702543 0.21516384244498998 0
1594200708128 0.21516341165601074 0
1594200712182 0.21516310441990982 0
1594200715909 0.21516282464971165 0
1594200719400 0.2151625664997757 0
1594200731796 0.21516177264683473 0
1594200738119 0.2160804669528178 0
1594200746436 0.21606729850769796 0
1594200755304 0.2160531880263693 0
