1594200633396 -0.09856211259486283 0
1594200639075 -0.09856211259492843 0
1594200643808 -0.09856211259492993 0
1594200647086 -0.09856211259493082 0
1594200659742 -0.09856211259493515 0
1594200669742 -0.09856211259493858 0
1594200672889 -0.09856211259506491 0
1594200681444 -0.09856211259530212 0
1594200688113 -0.09856213342039165 0
1594200693617 -0.09856213342039584 0
1594200698915 -0.09856213342039967 0
1594200702662 -0.09856213342040233 0
1594200708251 -0.09856213142990539 0
1594200712293 -0.09856214401505878 0
1594200716060 -0.09856214401506111 0
1594200719541 -0.0985621314299155 0
1594200731939 -0.09856213142992948 0
1594200738243 -0.09856214401507678 0
1594200746567 -0.09856213142994104 0
1594200755460 -0.0985621440150851 0
