1594200633372 2.2051601741475246 0
1594200639053 2.205121948915762 0
1594200643785 2.2050914542328384 0
1594200647061 2.2050731138332047 0
1594200659719 2.204984614391572 0
1594200669718 2.2049144004818295 0
1594200672858 2.204896114948495 0
1594200681419 2.20483619088848 0
1594200688087 2.204795406370487 0
1594200693592 2.2047618194708987 0
1594200698887 2.2047313241633146 0
1594200702638 2.2047099453289647 0
1594200708225 2.2046748655071613 0
1594200712267 2.2046519943968463 0
1594200716024 2.204630615567393 0
1594200719520 2.2046107828683654 0
1594200731915 2.204522282780291 0
1594200738216 2.2893558930482105 0
1594200746543 2.2899109134765667 0
1594200755424 2.289972717881851 0
