1594200633299 -0.08011711534827984 0
1594200638969 -0.08011709784121353 0
1594200643696 -0.08011709813253953 0
1594200646980 -0.08011709837584881 0
1594200659632 -0.08011708879456833 0
1594200669623 -0.08011709285723205 0
1594200672760 -0.08011708962126048 0
1594200681302 -0.08011800102950302 0
1594200688009 -0.08011770365410856 0
1594200693514 -0.08011769799474962 0
1594200698795 -0.08011770229108856 0
1594200702560 -0.08011770459620322 0
1594200708150 -0.08011767958849415 0
1594200712189 -0.08011768038488333 0
1594200715926 -0.08011770016921618 0
1594200719413 -0.08011769387483911 0
1594200731813 -0.08011769593625107 0
1594200738134 -0.08002644902189923 0
1594200746452 -0.08002694440454422 0
1594200755314 -0.08002751816609485 0
