1594200633380 0.43711654082441975 0
1594200639060 0.43711627246938434 0
1594200643793 0.4371160577839338 0
1594200647069 0.4371159289720583 0
1594200659727 0.4371153063749164 0
1594200669729 0.4371148125834262 0
1594200672869 0.43711472710956006 0
1594200681426 0.4371143088085204 0
1594200688098 0.43711402521794707 0
1594200693599 0.43711378904987125 0
1594200698896 0.4371135743502963 0
1594200702645 0.43711342405983966 0
1594200708235 0.4371131809397402 0
1594200712274 0.43711302936589674 0
1594200716038 0.437112885656756 0
1594200719526 0.4371127498124384 0
1594200731924 0.4371121544376983 0
1594200738227 0.43711192073770955 0
1594200746551 0.43711166170634924 0
1594200755437 0.4371114074723891 0
