1594200633415 -0.0024505243786673743 0
1594200639091 -0.002450524251405057 0
1594200643830 -0.002450524271642409 0
1594200647103 -0.0024505242746606527 0
1594200659758 -0.0024505242711299717 0
1594200669759 -0.0024505242996380357 0
1594200672904 -0.002450524240787994 0
1594200681460 -0.0024505242501749367 0
1594200688128 -0.002448583321611406 0
1594200693638 -0.0024485832208506688 0
1594200698930 -0.0024485831153938614 0
1594200702679 -0.0024485832363584413 0
1594200708269 -0.0024487575653720514 0
1594200712313 -0.0024475382957026767 0
1594200716076 -0.0024475382407978374 0
1594200719557 -0.0024487575009625386 0
1594200731954 -0.0024487575070004067 0
1594200738258 -0.0024475381576860977 0
1594200746584 -0.0024487575263616103 0
1594200755479 -0.002447538135244771 0
