1594200633284 0.4911344458426178 0
1594200638913 0.49113406253745284 0
1594200643665 0.49113348427938636 0
1594200646955 0.4911331295596061 0
1594200659599 0.49113258613436156 0
1594200669587 0.49113126234571947 0
1594200672717 0.49113090906091056 0
1594200681272 0.49250007711241967 0
1594200687990 0.4924982494945554 0
1594200693488 0.49249755772621095 0
1594200698759 0.49249687049769714 0
1594200702526 0.4924963694535204 0
1594200708105 0.4924955136383547 0
1594200712172 0.49249491903183473 0
1594200715890 0.49249436550063086 0
1594200719388 0.49249385557245035 0
1594200731777 0.49249228564291264 0
1594200738099 0.4892288879675482 0
1594200746421 0.48923594308825924 0
1594200755288 0.4892389674044991 0
