1594200633364 -0.008432459349147752 0
1594200639045 -0.008432436295679222 0
1594200643778 -0.008432431083520557 0
1594200647054 -0.008432450918101164 0
1594200659711 -0.00843243834023246 0
1594200669708 -0.008432466427735841 0
1594200672848 -0.008432436589500613 0
1594200681404 -0.008432441910994284 0
1594200688080 -0.008432450517894496 0
1594200693583 -0.008432442340361456 0
1594200698875 -0.008432437694837579 0
1594200702629 -0.008432450733750162 0
1594200708217 -0.008432431189823654 0
1594200712257 -0.008432445001146528 0
1594200716008 -0.008432458042203059 0
1594200719512 -0.008432464463395507 0
1594200731907 -0.008432463482483386 0
1594200738207 -0.008460187924537486 0
1594200746535 -0.008474876308898866 0
1594200755407 -0.008486663014607865 0
