1594200633424 -0.6052580398154785 0
1594200639099 -0.6052641485489604 0
1594200643838 -0.6052690696731708 0
1594200647110 -0.6052720280122987 0
1594200659766 -0.6052862437920284 0
1594200669769 -0.6052974798653228 0
1594200672913 -0.6052994212833885 0
1594200681468 -0.6053090359478138 0
1594200688135 -0.6053156135550455 0
1594200693650 -0.605320968478399 0
1594200698940 -0.6053258327060267 0
1594200702687 -0.6053292817427096 0
1594200708284 -0.6053348430437665 0
1594200712320 -0.6053384053260281 0
1594200716084 -0.6053416481445129 0
1594200719564 -0.605344685289488 0
1594200731962 -0.6053582965809875 0
1594200738268 -0.6053636864915091 0
1594200746592 -0.6053695681884427 0
1594200755493 -0.605375413259671 0
