1594200633349 -0.09832068367178734 0
1594200639028 -0.09832068306673498 0
1594200643761 -0.09832068289601352 0
1594200647035 -0.09832068345040908 0
1594200659691 -0.09832068315300613 0
1594200669687 -0.09832068391353647 0
1594200672834 -0.09832068284609141 0
1594200681374 -0.09832068300987286 0
1594200688063 -0.09832068345046283 0
1594200693566 -0.098320683111297 0
1594200698857 -0.09832068294638432 0
1594200702611 -0.09832068334021328 0
1594200708201 -0.09832068289608448 0
1594200712242 -0.09832068319011673 0
1594200715992 -0.09832068357435061 0
1594200719490 -0.09832068403045532 0
1594200731890 -0.09832068373434975 0
1594200738191 -0.09832037487707851 0
1594200746517 -0.0983201808803843 0
1594200755380 -0.0983201402770261 0
