1594200633357 -0.0005432753987296778 0
1594200639036 -0.0005433717979037872 0
1594200643770 -0.0005433975857480143 0
1594200647043 -0.0005433108402114983 0
1594200659702 -0.0005433585447614936 0
1594200669698 -0.000543236985499593 0
1594200672841 -0.0005434049500118159 0
1594200681389 -0.0005433801804167964 0
1594200688072 -0.0005433110945698091 0
1594200693575 -0.000543364484444772 0
1594200698864 -0.0005433903066582715 0
1594200702621 -0.0005433278326476931 0
1594200708209 -0.000543397698181191 0
1594200712249 -0.0005433520210672822 0
1594200716000 -0.0005432905877291606 0
1594200719503 -0.0005432194535875404 0
1594200731898 -0.0005432652656881662 0
1594200738200 -0.0005011228788840246 0
1594200746527 -0.0004660623585202742 0
1594200755392 -0.00044548324903151637 0
