1594200633403 -0.0014050394514188882 0
1594200639083 -0.001405039407230417 0
1594200643816 -0.0014050392878688443 0
1594200647094 -0.001405039319891215 0
1594200659750 -0.0014050393387907343 0
1594200669752 -0.001405039478964869 0
1594200672896 -0.0014050395155750788 0
1594200681452 -0.0014050393486752795 0
1594200688120 -0.0014065259917530324 0
1594200693628 -0.0014065259565971592 0
1594200698923 -0.001406525958832753 0
1594200702671 -0.0014065259216921183 0
1594200708258 -0.001406295412174572 0
1594200712302 -0.0014074416529250673 0
1594200716068 -0.0014074415704549057 0
1594200719549 -0.0014062952167963217 0
1594200731946 -0.00140629519300202 0
1594200738250 -0.001407441651796351 0
1594200746575 -0.0014062951920519975 0
1594200755471 -0.0014074415493370654 0
