1594200633339 0.05686873365416619 0
1594200639020 0.05686883608133958 0
1594200643754 0.05686891808774474 0
1594200647026 0.05686896738619144 0
1594200659683 0.0568692054232633 0
1594200669677 0.05686939448233721 0
1594200672826 0.056869443662359416 0
1594200681362 0.0568696050594642 0
1594200688057 0.05686971516137226 0
1594200693558 0.056869805648634586 0
1594200698850 0.056869887957175395 0
1594200702603 0.05686994565388435 0
1594200708192 0.056870040335124605 0
1594200712234 0.05687010216772694 0
1594200715984 0.05687015990798039 0
1594200719477 0.056870213555900266 0
1594200731881 0.05687045270629358 0
1594200738184 0.17771909125139762 0
1594200746510 0.17771197946997705 0
1594200755364 0.17771074478925947 0
