1594200633307 -0.0029630679992082506 0
1594200638989 -0.0029706491433009992 0
1594200643713 -0.002970776801785934 0
1594200646991 -0.0029706972264053827 0
1594200659649 -0.0029705668167585796 0
1594200669642 -0.002970642634864957 0
1594200672780 -0.002970574153487324 0
1594200681310 -0.0026215024082628336 0
1594200688020 -0.002595279324802194 0
1594200693523 -0.002595207168138954 0
1594200698813 -0.00259533338422179 0
1594200702571 -0.0025956295194006114 0
1594200708161 -0.0025956158025226355 0
1594200712200 -0.002595618119595478 0
1594200715944 -0.0025954682759929395 0
1594200719425 -0.0025954871300536723 0
1594200731833 -0.002595207665195233 0
1594200738153 0.0019366077701087462 0
1594200746467 0.001914231761390373 0
1594200755326 0.001884963455906943 0
