1594200633387 -0.23704387512354752 0
1594200639068 -0.23704412687054116 0
1594200643801 -0.23704432826689736 0
1594200647077 -0.23704444910419495 0
1594200659735 -0.23704503314567255 0
1594200669735 -0.2370454963445481 0
1594200672879 -0.23704557652213254 0
1594200681433 -0.23704596889685084 0
1594200688105 -0.2370462380511575 0
1594200693610 -0.2370464595741906 0
1594200698905 -0.2370466609576352 0
1594200702655 -0.23704680192540603 0
1594200708243 -0.23704702971848135 0
1594200712282 -0.23704717379087997 0
1594200716051 -0.2370473085970871 0
1594200719534 -0.23704743413718218 0
1594200731931 -0.23704799261309073 0
1594200738235 -0.23704821371212148 0
1594200746560 -0.23704845479385614 0
1594200755448 -0.23704869514752402 0
