1594200633244 0.5232442 0
1594200638860 -0.37143543 0
1594200643600 0.367578 0
1594200646850 -0.5100192 0
1594200659530 -0.82659894 0
1594200669519 0.25261196 0
1594200672661 -0.19070667 0
1594200681183 -0.25433558 0
1594200687894 0.6270429 0
1594200693383 0.17730546 0
1594200698688 0.45398268 0
1594200702431 -0.11351482 0
1594200708002 -0.38668332 0
1594200712068 0.72283876 0
1594200715822 0.46062768 0
1594200719339 0.39056242 0
1594200731710 -0.7724625 0
1594200738027 0.85939825 0
1594200746360 0.7942088 0
1594200755206 0.20830037 0
