1594200633260 -0.97955817 0
1594200638869 0.8075286 0
1594200643616 0.4436495 0
1594200646898 -0.7202638 0
1594200659547 0.5816552 0
1594200669533 0.8769367 0
1594200672676 -0.20459703 0
1594200681212 0.2697115 0
1594200687931 0.42788264 0
1594200693401 0.54508984 0
1594200698705 0.32385653 0
1594200702447 -0.031194706 0
1594200708019 0.853738 0
1594200712114 -0.64970917 0
1594200715838 -0.7931613 0
1594200719351 -0.13036275 0
1594200731726 0.46074033 0
1594200738046 0.062089745 0
1594200746376 0.70168823 0
1594200755238 0.04794252 0
