1594200765777 0.56564504 0
1594200769170 0.3241932 0
1594200772443 -0.5802515 0
1594200775406 0.9779192 0
1594200780028 -0.4460263 0
1594200785476 -0.7665202 0
1594200791322 -0.9687591 0
1594200796748 0.18225972 0
1594200804188 0.52141714 0
1594200812649 -0.61832696 0
1594200817132 0.8234011 0
1594200825671 0.29658526 0
1594200834957 0.20921771 0
1594200840412 0.06466343 0
1594200846840 0.34236363 0
1594200851780 -0.3027982 0
1594200857857 0.17055969 0
1594200864109 -0.66934913 0
1594200872971 0.7034077 0
1594200882876 0.82494473 0
