1594200765768 -0.68910974 0
1594200769153 0.58916724 0
1594200772426 -0.7133518 0
1594200775391 -0.20618194 0
1594200780010 0.6844857 0
1594200785433 -0.44200578 0
1594200791307 0.6603581 0
1594200796731 -0.6044354 0
1594200804171 0.99846655 0
1594200812626 -0.34924906 0
1594200817110 0.7709898 0
1594200825657 0.49297407 0
1594200834945 0.7713775 0
1594200840392 0.3725514 0
1594200846823 -0.5440263 0
1594200851765 0.82084817 0
1594200857841 -0.048178717 0
1594200864070 -0.1784105 0
1594200872955 0.829812 0
1594200882862 0.98590016 0
