1594200765819 -0.008430814224639444 0
1594200769256 -0.008430814224639444 0
1594200772520 -0.008430814224639444 0
1594200775492 -0.008430814224639444 0
1594200780117 -0.008442412877255534 0
1594200785569 -0.00844449252249156 0
1594200791404 -0.008445682134144554 0
1594200796828 -0.008445629229344387 0
1594200804281 -0.008446929400236565 0
1594200812724 -0.008445333947025187 0
1594200817215 -0.008445254119658078 0
1594200825740 -0.008443336682662289 0
1594200835015 -0.008520453095424778 0
1594200840494 -0.008585585507572126 0
1594200846920 -0.008543190837144114 0
1594200851855 -0.008642092374399493 0
1594200857932 -0.008568078534398407 0
1594200864195 -0.008676156172200479 0
1594200873095 -0.00856410547016401 0
1594200882936 -0.008588688552479741 0
