1594200765880 -0.002459020421851074 0
1594200769315 -0.0024588893422043496 0
1594200772565 -0.0024588950532289933 0
1594200775570 -0.0024586775603495097 0
1594200780193 -0.0024590588076510967 0
1594200785657 -0.002459038865699919 0
1594200791461 -0.0024591149503459895 0
1594200796891 -0.002459074863397143 0
1594200804362 -0.0024591141467292014 0
1594200812773 -0.002459316383532812 0
1594200817268 -0.0024590534725394426 0
1594200825790 -0.0024592247965336844 0
1594200835089 -0.0024568417742512356 0
1594200840558 -0.002458809158279294 0
1594200846965 -0.0024591848922110183 0
1594200851900 -0.002459078949823 0
1594200857971 -0.0024591698800684016 0
1594200864252 -0.002459227017281621 0
1594200873200 -0.002459152748781133 0
1594200882997 -0.0024589743692655813 0
