1594200765784 0.4879697515493195 0
1594200769187 0.48796975153370975 0
1594200772460 0.4879697515199985 0
1594200775422 0.48796975150734195 0
1594200780047 0.46461781602006874 0
1594200785492 0.46461756819985334 0
1594200791339 0.46461732872235456 0
1594200796762 0.46461708983582 0
1594200804208 0.4646167470840754 0
1594200812677 0.46461640933784387 0
1594200817157 0.4646162230295709 0
1594200825684 0.4646157674168651 0
1594200834969 0.5060499261512342 0
1594200840435 0.5060501704842674 0
1594200846858 0.5060503588208517 0
1594200851794 0.5060506387062633 0
1594200857874 0.5060508222212625 0
1594200864153 0.506051228436607 0
1594200872994 0.5060513847892781 0
1594200882890 0.5060516770521302 0
