1594200765841 0.5360344041381659 0
1594200769273 0.5360345119989555 0
1594200772535 0.5360346066966365 0
1594200775514 0.5360346937401633 0
1594200780135 0.5360348355340779 0
1594200785600 0.53603499224911 0
1594200791422 0.5360351763966088 0
1594200796845 0.5360354834620517 0
1594200804309 0.5360358580964433 0
1594200812740 0.5360362778366183 0
1594200817233 0.5360365101993234 0
1594200825764 0.5360370758668842 0
1594200835040 0.5360379182521989 0
1594200840522 0.5360383590913557 0
1594200846936 0.5360387960958375 0
1594200851873 0.5360392167865029 0
1594200857945 0.5360397522676864 0
1594200864215 0.5360403203579387 0
1594200873130 0.5360408064806927 0
1594200882957 0.5360414524492914 0
