1594200765863 -0.09854682271785148 0
1594200769294 -0.09854682008747018 0
1594200772549 -0.09854682012874467 0
1594200775544 -0.09854681938597161 0
1594200780168 -0.09854682107090786 0
1594200785629 -0.09854682100743012 0
1594200791444 -0.09854678763832189 0
1594200796870 -0.09854679350329014 0
1594200804334 -0.09854678894672583 0
1594200812757 -0.09854678925194224 0
1594200817248 -0.09854679337978658 0
1594200825777 -0.09854678828323166 0
1594200835064 -0.09854682232048878 0
1594200840539 -0.09854679306799725 0
1594200846951 -0.09854678825841748 0
1594200851886 -0.09854678928530566 0
1594200857957 -0.0985467875958944 0
1594200864234 -0.09854678835751228 0
1594200873166 -0.09854678753179374 0
1594200882977 -0.09854678937254369 0
