1594200765793 0.3235654118342832 0
1594200769205 0.3235654119238338 0
1594200772478 0.3235654120024931 0
1594200775437 0.3235654120751017 0
1594200780066 0.28274050546161117 0
1594200785521 0.28274080935553964 0
1594200791353 0.28274110153727033 0
1594200796780 0.28274139113881047 0
1594200804230 0.28274180955590383 0
1594200812696 0.28274221930926213 0
1594200817191 0.2827424464256202 0
1594200825697 0.28274299893530414 0
1594200834980 0.2966082936849213 0
1594200840451 0.2966082677191553 0
1594200846873 0.29660800135355064 0
1594200851808 0.2966080281361937 0
1594200857891 0.296607680070953 0
1594200864164 0.29660759218987576 0
1594200873037 0.296607202473785 0
1594200882901 0.29660703590694804 0
