1594200765914 -0.07476166361546603 0
1594200769352 -0.07476160038414915 0
1594200772598 -0.07476159658587972 0
1594200775599 -0.0747615983418688 0
1594200780234 -0.07476160114253691 0
1594200785693 -0.0747616045560437 0
1594200791500 -0.07476160803232694 0
1594200796941 -0.07476161161179289 0
1594200804414 -0.07476161683716775 0
1594200812808 -0.07476060982449646 0
1594200817299 -0.07476046703678399 0
1594200825816 -0.07476011922993678 0
1594200835125 -0.07475962449009957 0
1594200840596 -0.07475938109414611 0
1594200846994 -0.07476170339019397 0
1594200851927 -0.07476186460674952 0
1594200857996 -0.07476179497471429 0
1594200864290 -0.07476171433837651 0
1594200873257 -0.07476162327970329 0
1594200883044 -0.07476148778133132 0
