1594200765852 -0.044621884286420554 0
1594200769284 -0.044621964315491786 0
1594200772542 -0.04462203482756638 0
1594200775529 -0.04462209935144263 0
1594200780157 -0.044622205462711395 0
1594200785615 -0.04462232211039709 0
1594200791430 -0.0446225014624897 0
1594200796859 -0.044622896973699915 0
1594200804322 -0.04462337873714081 0
1594200812748 -0.04462391812961931 0
1594200817240 -0.0446242170048982 0
1594200825770 -0.04462494556925396 0
1594200835053 -0.04462602899153238 0
1594200840532 -0.044626599088741205 0
1594200846944 -0.044627163534076184 0
1594200851880 -0.044627705861922135 0
1594200857952 -0.04462839410246293 0
1594200864224 -0.044629125023881173 0
1594200873154 -0.04462975103995772 0
1594200882967 -0.04463058138981982 0
