1594200765933 1.4994107593691153 0
1594200769370 1.4993921565746056 0
1594200772614 1.4993913846673863 0
1594200775617 1.4993931632589246 0
1594200780252 1.4993963110986297 0
1594200785717 1.499399708449102 0
1594200791516 1.499403389002215 0
1594200796962 1.499407153919727 0
1594200804441 1.4994126151004041 0
1594200812835 1.4982956249341544 0
1594200817316 1.4981334611874249 0
1594200825830 1.4977340180575593 0
1594200835154 1.4971448897367652 0
1594200840614 1.4968515756258949 0
1594200847009 1.4995506109077579 0
1594200851940 1.4996667642424484 0
1594200858009 1.4995964596326512 0
1594200864307 1.4995126559875933 0
1594200873281 1.4994175027500307 0
1594200883073 1.4992746090048883 0
