1594200765940 2.3973657004224904 0
1594200769385 2.3971039436279753 0
1594200772622 2.3970955789238095 0
1594200775625 2.39711954920421 0
1594200780259 2.3971577508162056 0
1594200785724 2.397202835658708 0
1594200791524 2.397249423984777 0
1594200796971 2.3972977011114533 0
1594200804455 2.397368733513994 0
1594200812850 2.0866280736635785 0
1594200817324 2.0844587975180473 0
1594200825837 2.0791782843495645 0
1594200835170 2.0715592078425447 0
1594200840623 2.0678358187323167 0
1594200847016 2.1041323975366413 0
1594200851947 2.1058859660886577 0
1594200858016 2.1048239160758935 0
1594200864318 2.103567436871893 0
1594200873297 2.1021553412553833 0
1594200883092 2.100061195418557 0
