1594200765811 -0.0005491236791459912 0
1594200769244 -0.0005491236791459912 0
1594200772513 -0.0005491236791459912 0
1594200775476 -0.0005491236791459912 0
1594200780106 -0.0005355519647743376 0
1594200785553 -0.0005341674458926801 0
1594200791385 -0.0005330298423660241 0
1594200796815 -0.0005324246723096127 0
1594200804265 -0.0005315359744529174 0
1594200812713 -0.0005331510173968858 0
1594200817208 -0.0005336083372944538 0
1594200825725 -0.0005352740721774199 0
1594200835002 -0.0007573869109970899 0
1594200840481 -0.0006914201403590848 0
1594200846910 -0.0007295812455126094 0
1594200851838 -0.0006432136635436877 0
1594200857925 -0.0007109496019120873 0
1594200864186 -0.0006697490484066672 0
1594200873077 -0.0007203125446915049 0
1594200882925 -0.000680511511509057 0
