1594200765921 2.6662458343316393 0
1594200769361 2.66596428964988 0
1594200772607 2.665958226998944 0
1594200775608 2.6659848328217364 0
1594200780242 2.6660273225208044 0
1594200785707 2.6660771142385276 0
1594200791509 2.6661285139221387 0
1594200796954 2.666181623302256 0
1594200804428 2.6662594443592966 0
1594200812821 2.6507986971769713 0
1594200817309 2.648610928313893 0
1594200825823 2.6432800197003505 0
1594200835135 2.6355739225903076 0
1594200840605 2.631809026758801 0
1594200847002 2.668090100979174 0
1594200851933 2.6698785662490954 0
1594200858003 2.6688695865094765 0
1594200864300 2.667673545425277 0
1594200873270 2.6663195930163752 0
1594200883056 2.664300011853464 0
