1594200765898 0.6399621192129957 0
1594200769332 0.6399622381663467 0
1594200772581 0.6399622374549369 0
1594200775585 0.6399622267480337 0
1594200780213 0.6399622081923163 0
1594200785675 0.6399621898781178 0
1594200791477 0.6399621699040162 0
1594200796916 0.639962149791662 0
1594200804388 0.6399621212084409 0
1594200812791 0.6391731395030433 0
1594200817284 0.6391711494486312 0
1594200825803 0.6391662741926141 0
1594200835109 0.6391593002544672 0
1594200840577 0.6391560250096886 0
1594200846980 0.6391798578134769 0
1594200851913 0.6391806150447271 0
1594200857984 0.6391792901243296 0
1594200864270 0.6391777657522475 0
1594200873234 0.6391761867886804 0
1594200883018 0.6391740026914534 0
