1594200765888 1.1521219392194995 0
1594200769324 1.1521215092961719 0
1594200772574 1.152121079510046 0
1594200775577 1.1521206498502468 0
1594200780203 1.1521201199136244 0
1594200785668 1.1521195252335636 0
1594200791469 1.1521165171988663 0
1594200796900 1.152106266579774 0
1594200804376 1.1520939332343756 0
1594200812782 1.152079979999368 0
1594200817276 1.1520723084594795 0
1594200825796 1.152053528320045 0
1594200835096 1.1520255231926546 0
1594200840568 1.1520109391066053 0
1594200846973 1.1519963917131562 0
1594200851907 1.1519823386211687 0
1594200857977 1.1519646825574739 0
1594200864262 1.1519459017555964 0
1594200873214 1.1519297648819657 0
1594200883007 1.1519084053989628 0
