1594200765802 -0.09836403958344732 0
1594200769223 -0.09836403958342296 0
1594200772494 -0.09836403958340155 0
1594200775452 -0.0983640395833818 0
1594200780086 -0.09836396413641685 0
1594200785537 -0.09836397422428571 0
1594200791368 -0.09836397934021464 0
1594200796797 -0.09836397778256877 0
1594200804246 -0.09836398408574694 0
1594200812705 -0.09836397743707309 0
1594200817200 -0.09836397781321723 0
1594200825711 -0.09836396925927976 0
1594200834991 -0.09836804700406605 0
1594200840466 -0.09836814150822598 0
1594200846892 -0.09836798682458771 0
1594200851822 -0.09836834922904872 0
1594200857907 -0.09836813420265268 0
1594200864177 -0.09836915811508688 0
1594200873055 -0.0983681957582542 0
1594200882913 -0.09836804527060147 0
