1594200765831 1.7961284595186073 0
1594200769264 1.7961284595186073 0
1594200772528 1.7961284595186073 0
1594200775499 1.7961284595186073 0
1594200780127 -1.859662250325798 0
1594200785584 -1.8596584169327295 0
1594200791414 -1.8596546782862646 0
1594200796836 -1.859650937723096 0
1594200804296 -1.8596455766814548 0
1594200812731 -1.8596403726704032 0
1594200817225 -1.8596373905111447 0
1594200825753 -1.8596302313917765 0
1594200835027 -2.570080367101006 0
1594200840508 -2.570062586095934 0
1594200846928 -2.5700440415275057 0
1594200851866 -2.5700258715934514 0
1594200857939 -2.570003942806743 0
1594200864207 -2.5699791816255546 0
1594200873112 -2.569955957707923 0
1594200882947 -2.5699298121743284 0
