1594200765870 -0.0015656974224703664 0
1594200769304 -0.0015656683870195031 0
1594200772559 -0.0015656638448920946 0
1594200775559 -0.0015659041944427372 0
1594200780182 -0.0015655144468442847 0
1594200785645 -0.0015655369048170526 0
1594200791453 -0.001565862845414672 0
1594200796881 -0.0015653066096290628 0
1594200804348 -0.0015657272576923957 0
1594200812766 -0.0015654573534020517 0
1594200817260 -0.0015653434736246 0
1594200825783 -0.0015656634908663971 0
1594200835076 -0.0015679691554798872 0
1594200840549 -0.0015656631565291045 0
1594200846959 -0.0015657137372760309 0
1594200851893 -0.0015657346806424296 0
1594200857964 -0.001565801016783462 0
1594200864242 -0.0015656535171163202 0
1594200873185 -0.0015658288966380197 0
1594200882987 -0.0015658523957144596 0
