1594200765906 -0.2841319045847972 0
1594200769343 -0.28413239063040974 0
1594200772590 -0.2841324434938937 0
1594200775591 -0.2841324118315466 0
1594200780224 -0.2841323583204816 0
1594200785684 -0.28413229550951496 0
1594200791491 -0.28413222771157703 0
1594200796927 -0.284132156001016 0
1594200804402 -0.2841320480717525 0
1594200812798 -0.29585316367870723 0
1594200817291 -0.295858450062571 0
1594200825809 -0.29587135289147887 0
1594200835117 -0.2958900884210845 0
1594200840586 -0.29589937534497485 0
1594200846987 -0.295806422537797 0
1594200851920 -0.29580264936828154 0
1594200857989 -0.2958057337326758 0
1594200864279 -0.29580937109884886 0
1594200873246 -0.295813376424907 0
1594200883030 -0.2958192299682105 0
