1594200765761 -0.4586173 0
1594200769138 -0.34903032 0
1594200772409 -0.65632576 0
1594200775373 -0.9176685 0
1594200779995 0.5048527 0
1594200785412 0.6419522 0
1594200791290 0.35439008 0
1594200796714 0.45200327 0
1594200804154 0.14533034 0
1594200812606 -0.33348906 0
1594200817087 0.006380847 0
1594200825644 0.5016359 0
1594200834933 0.45361668 0
1594200840373 -0.20988432 0
1594200846807 -0.32978284 0
1594200851751 0.06396668 0
1594200857822 0.58605427 0
1594200864041 0.23156928 0
1594200872935 0.09149584 0
1594200882845 0.6800594 0
