1594200765749 0.083238706 0
1594200769122 0.9639659 0
1594200772389 0.4089813 0
1594200775355 -0.800664 0
1594200779978 -0.21214545 0
1594200785392 0.31737456 0
1594200791268 0.026001496 0
1594200796696 0.67489773 0
1594200804134 -0.055743624 0
1594200812578 0.6362135 0
1594200817068 -0.97552645 0
1594200825631 -0.8957062 0
1594200834919 -0.7971037 0
1594200840335 -0.78148645 0
1594200846791 0.940642 0
1594200851736 -0.6467902 0
1594200857802 0.0027512098 0
1594200864020 -0.08631067 0
1594200872914 -0.52656 0
1594200882786 -0.2837573 0
