1594199628338 -0.42191243 0
1594199645753 0.76714456 0
1594199658219 -0.1315748 0
1594199667764 -0.7187267 0
1594199680121 0.67818177 0
1594199688697 -0.6662302 0
1594199700771 -0.03458099 0
1594199715816 0.54101557 0
1594199740017 -0.29490584 0
1594199749624 0.5147505 0
1594199761111 0.06834051 0
1594199775920 -0.3450645 0
1594199784022 -0.82939494 0
1594199792979 -0.39417788 0
1594199804668 0.04533198 0
1594199819030 0.69250846 0
1594199827226 -0.5085808 0
1594199836463 0.8553662 0
1594199853170 0.2622664 0
1594199862326 -0.35745087 0
