1594199628319 -0.32120943 0
1594199645731 0.68654144 0
1594199658195 -0.69134116 0
1594199667748 -0.52474695 0
1594199680105 -0.8027888 0
1594199688682 0.17577375 0
1594199700754 0.19817622 0
1594199715799 -0.113396846 0
1594199740000 -0.25158012 0
1594199749616 -0.3375906 0
1594199761096 -0.2819844 0
1594199775904 0.590629 0
1594199784005 -0.9553651 0
1594199792943 0.64997476 0
1594199804653 -0.68274844 0
1594199819016 -0.6945424 0
1594199827212 -0.39230037 0
1594199836450 -0.525724 0
1594199853155 -0.4390229 0
1594199862312 0.3919711 0
