1594199628406 2.472857310542663 0
1594199645828 2.4728572542799254 0
1594199658266 2.472857197994427 0
1594199667847 2.4728571980059217 0
1594199680204 2.4728571980200265 0
1594199688779 2.4728571980278473 0
1594199700865 2.472857198037569 0
1594199715901 2.4728571417411676 0
1594199740106 2.472857141751362 0
1594199749670 2.3911368529158525 0
1594199761207 2.3911347710357784 0
1594199776006 2.3911336429472856 0
1594199784099 2.3911320884721197 0
1594199793033 2.3911310174152147 0
1594199804756 2.391129063223019 0
1594199819081 2.391125624308622 0
1594199827310 2.3911238019118617 0
1594199836575 2.3911219691329983 0
1594199853230 2.3911179531167717 0
1594199862407 1.965830048068223 0
