1594199628571 0.9039746783747357 0
1594199645976 0.9039352263580204 0
1594199658455 0.9039116748915876 0
1594199668013 0.903893610950444 0
1594199680340 0.9038669649895943 0
1594199688921 0.9038485278804989 0
1594199701051 0.9038218474443579 0
1594199716053 0.9037958376268039 0
1594199740264 0.903744574691712 0
1594199749885 0.9031678065573076 0
1594199761508 0.902227152816765 0
1594199776170 0.9016349678231632 0
1594199784247 0.9010016150056821 0
1594199793218 0.9003586329938814 0
1594199804941 0.8995672930283677 0
1594199819231 0.8981080591358066 0
1594199827487 0.8973141609748787 0
1594199836753 0.8965399825826994 0
1594199853383 0.8947479975629207 0
1594199862550 0.8938178574365792 0
