1594199628542 -0.047747322088619856 0
1594199645951 -0.04833719375843883 0
1594199658414 -0.0486949601576893 0
1594199667979 -0.04897516170732258 0
1594199680316 -0.04938780241683716 0
1594199688895 -0.04964016513380049 0
1594199701022 -0.05005860165489866 0
1594199716028 -0.050470717213807324 0
1594199740236 -0.05129271580656239 0
1594199749849 -0.05159656020798814 0
1594199761450 -0.05197093489164138 0
1594199776121 -0.05224584717415354 0
1594199784220 -0.05251181689162961 0
1594199793188 -0.05278945200626986 0
1594199804908 -0.05314109842319264 0
1594199819205 -0.053703982592148175 0
1594199827455 -0.05400005971484685 0
1594199836723 -0.054278898741110845 0
1594199853356 -0.05489145090199644 0
1594199862524 -0.0551969333471565 0
