1594199628579 0.9838222816948563 0
1594199645984 0.9838303170487844 0
1594199658470 0.9838351456962494 0
1594199668020 0.9838388961526093 0
1594199680347 0.9838443481550601 0
1594199688927 0.9838481002200353 0
1594199701059 0.9838535969282256 0
1594199716060 0.9838589486586268 0
1594199740272 0.9838694664876431 0
1594199749897 0.9840571558284443 0
1594199761525 0.9843680967250218 0
1594199776183 0.9845634044831407 0
1594199784253 0.9847719583692007 0
1594199793228 0.984984096148599 0
1594199804951 0.985244997188962 0
1594199819239 0.9857264819471035 0
1594199827495 0.9859884190394024 0
1594199836761 0.9862439787671167 0
1594199853392 0.9868337844935258 0
1594199862557 0.9871387024847738 0
