1594199628557 -0.29926181684069797 0
1594199645963 -0.2992614175155406 0
1594199658430 -0.2992611782163795 0
1594199667998 -0.29926099417325913 0
1594199680328 -0.2992607232653583 0
1594199688908 -0.2992605363999993 0
1594199701037 -0.29926026425391367 0
1594199716041 -0.2992600005401071 0
1594199740250 -0.2992594808513018 0
1594199749865 -0.2992565108971067 0
1594199761477 -0.2992520652539174 0
1594199776145 -0.2992490095999749 0
1594199784233 -0.29924570616718504 0
1594199793203 -0.2992424427866701 0
1594199804927 -0.2992385141750039 0
1594199819217 -0.29923154406655433 0
1594199827471 -0.29922782580895735 0
1594199836738 -0.29922424989086865 0
1594199853369 -0.29921627313918114 0
1594199862537 -0.29921219557642187 0
