1594199628535 -0.0018933930411473962 0
1594199645943 -0.0019122447892476096 0
1594199658406 -0.001900435223695037 0
1594199667968 -0.0017804227704321183 0
1594199680310 -0.0018769593184445343 0
1594199688889 -0.0017565222654585928 0
1594199701016 -0.0018762921266591622 0
1594199716022 -0.001756525025414693 0
1594199740229 -0.0018502092948355436 0
1594199749840 -0.0017945744228548368 0
1594199761434 -0.0019005191662002457 0
1594199776113 -0.0018035404645816604 0
1594199784214 -0.001763975498210156 0
1594199793181 -0.0017886335347569065 0
1594199804896 -0.0018072157358275333 0
1594199819198 -0.0017745017333212212 0
1594199827448 -0.0017467962425949581 0
1594199836717 -0.0018854047093488891 0
1594199853349 -0.0018966086181623461 0
1594199862518 -0.001836884465169448 0
