1594199628490 -0.0014835127767866805 0
1594199645903 -0.0014833906509410081 0
1594199658357 -0.001483334611883802 0
1594199667915 -0.0014833013369308888 0
1594199680272 -0.0014832667584516032 0
1594199688850 -0.0014832477878000856 0
1594199700972 -0.0014832211166899182 0
1594199715983 -0.0014831997444738495 0
1594199740186 -0.001483167332819609 0
1594199749780 -0.0014872208856721333 0
1594199761352 -0.001487220919763451 0
1594199776076 -0.0014870890478587014 0
1594199784175 -0.0014871726774862576 0
1594199793131 -0.0014871229806320593 0
1594199804848 -0.0014871230564805105 0
1594199819156 -0.0014871230552185855 0
1594199827402 -0.0014870545015464654 0
1594199836659 -0.0014871563620116317 0
1594199853308 -0.0014870891147140707 0
1594199862478 -0.0014849833529242905 0
