1594199628498 -1.3690128138637718 0
1594199645910 -1.369012813735055 0
1594199658367 -1.3690128136632242 0
1594199667922 -1.3690128136122086 0
1594199680279 -1.3690128135449044 0
1594199688856 -1.3690128135155233 0
1594199700979 -1.3690128134945874 0
1594199715990 -1.3690128134778798 0
1594199740194 -1.3690128134528876 0
1594199749790 -1.3690041784745857 0
1594199761364 -1.3689890976690395 0
1594199776082 -1.368979267128904 0
1594199784181 -1.3689688415492103 0
1594199793140 -1.3689591035585833 0
1594199804858 -1.3689463879529775 0
1594199819164 -1.368923766743815 0
1594199827408 -1.3689119066086317 0
1594199836668 -1.368900642425422 0
1594199853315 -1.368876234416115 0
1594199862485 -1.3688670899799928 0
