1594199628512 -0.2465181768341781 0
1594199645924 -0.2465031554952393 0
1594199658382 -0.2464936536807101 0
1594199667939 -0.24648584906576518 0
1594199680291 -0.24647509549841076 0
1594199688869 -0.24646890893926293 0
1594199700994 -0.24645795703141266 0
1594199716002 -0.2464471876106613 0
1594199740208 -0.24642614490249434 0
1594199749812 -0.2464181224189304 0
1594199761390 -0.24640829029386016 0
1594199776094 -0.24640114263330878 0
1594199784194 -0.2463940514172307 0
1594199793157 -0.24638684941847935 0
1594199804873 -0.2463774564383158 0
1594199819177 -0.24636276027342344 0
1594199827424 -0.2463547000811624 0
1594199836685 -0.2463477488430312 0
1594199853328 -0.2463315805414879 0
1594199862498 -0.24632373470568067 0
