1594199628436 -0.0008494786113246756 0
1594199645857 -0.0008492047066051948 0
1594199658300 -0.0008490399562081684 0
1594199667871 -0.0008489113642594744 0
1594199680228 -0.0008487253886692812 0
1594199688805 -0.000848594526817228 0
1594199700914 -0.0008484029757911425 0
1594199715935 -0.0008482161943543177 0
1594199740136 -0.0008478463138376334 0
1594199749714 -0.000846864069290036 0
1594199761263 -0.0008432212892548537 0
1594199776032 -0.0008406494676819742 0
1594199784126 -0.0008379304218946839 0
1594199793069 -0.000834994385729162 0
1594199804794 -0.0008311998072321062 0
1594199819107 -0.0008240539464524203 0
1594199827345 -0.0008201308772059705 0
1594199836602 -0.0008163658745113446 0
1594199853257 -0.0008079216484362674 0
1594199862433 -0.0008036716855800663 0
