1594199628468 0.10497688133321706 0
1594199645883 0.10497688018292223 0
1594199658333 0.10497687967107257 0
1594199667896 0.10497687938002151 0
1594199680253 0.10497687911487141 0
1594199688830 0.10497687899862841 0
1594199700950 0.10497687882299972 0
1594199715964 0.10497687867927208 0
1594199740163 0.10497687845294434 0
1594199749752 0.10497711921103511 0
1594199761314 0.10497751684550277 0
1594199776056 0.1049777727925006 0
1594199784154 0.10497804650695801 0
1594199793102 0.10497830255540366 0
1594199804825 0.10497863448135741 0
1594199819136 0.10497923108204123 0
1594199827376 0.10497954344422372 0
1594199836632 0.10497983727714304 0
1594199853287 0.10498048120271397 0
1594199862459 0.10498072300580867 0
