1594199628420 -0.21057444771433476 0
1594199645844 -0.210574266954151 0
1594199658282 -0.21057415872385507 0
1594199667859 -0.21057407553933885 0
1594199680216 -0.21057395317449185 0
1594199688791 -0.21057386881971402 0
1594199700890 -0.21057374604843437 0
1594199715918 -0.21057362717389894 0
1594199740121 -0.21057339318391669 0
1594199749690 -0.2105739781832204 0
1594199761237 -0.2105748296330961 0
1594199776019 -0.21057547178724417 0
1594199784112 -0.21057614360621885 0
1594199793051 -0.2105768531697424 0
1594199804774 -0.2105777846706157 0
1594199819093 -0.2105795176563735 0
1594199827328 -0.21058044045631283 0
1594199836588 -0.21058130586450624 0
1594199853243 -0.21058310635634056 0
1594199862420 -0.21058396698098278 0
