1594199628399 -0.0025430960909041795 0
1594199645821 -0.002543111736695966 0
1594199658258 -0.0025431188349812825 0
1594199667840 -0.002543123307246112 0
1594199680197 -0.0025431287020995642 0
1594199688773 -0.002543131756921234 0
1594199700852 -0.002543135404428503 0
1594199715893 -0.002543138305367916 0
1594199740099 -0.0025431421728105003 0
1594199749663 -0.002955108198269016 0
1594199761193 -0.0029209414059624505 0
1594199776000 -0.0028949334589278082 0
1594199784092 -0.002870020810149111 0
1594199793026 -0.002842680889942649 0
1594199804749 -0.002812300987379945 0
1594199819073 -0.002758950396292832 0
1594199827302 -0.0027305032884433205 0
1594199836566 -0.002703933074956812 0
1594199853223 -0.002644174612006036 0
1594199862400 -0.0027741418033181337 0
