1594199628476 -0.09560744846059269 0
1594199645889 -0.09560744490036463 0
1594199658341 -0.09560744335125419 0
1594199667903 -0.09560744248687267 0
1594199680260 -0.09560744168604629 0
1594199688837 -0.09560744119557597 0
1594199700957 -0.09560744036949671 0
1594199715970 -0.0956074397072995 0
1594199740171 -0.0956074387015133 0
1594199749761 -0.09560755012003877 0
1594199761329 -0.09560755012008185 0
1594199776063 -0.09560754634187048 0
1594199784160 -0.09560754872273267 0
1594199793108 -0.09560754732906618 0
1594199804831 -0.09560754732910184 0
1594199819142 -0.09560754732916574 0
1594199827384 -0.09560754514828752 0
1594199836640 -0.09560754826473931 0
1594199853293 -0.09560754634214666 0
1594199862465 -0.09560749107213307 0
