1594199628461 0.45756041266461295 0
1594199645877 0.4575604141147289 0
1594199658326 0.4575604148529043 0
1594199667890 0.45756041533573205 0
1594199680247 0.45756041589241825 0
1594199688824 0.45756041609631215 0
1594199700942 0.4575604162411005 0
1594199715958 0.4575604163589908 0
1594199740157 0.45756041654198604 0
1594199749741 0.4575603987187347 0
1594199761302 0.4575603952391764 0
1594199776051 0.45756039420726596 0
1594199784146 0.4575603905077925 0
1594199793094 0.4575603885644532 0
1594199804817 0.45756038541894445 0
1594199819129 0.4575603803753214 0
1594199827369 0.45756037855843174 0
1594199836623 0.4575603749325248 0
1594199853280 0.4575603704127455 0
1594199862452 0.45756037970429303 0
