1594199628549 0.6760014362709609 0
1594199645957 0.6759993525378977 0
1594199658422 0.6759981030792085 0
1594199667988 0.6759971417236317 0
1594199680322 0.6759957262333737 0
1594199688901 0.6759947492725278 0
1594199701030 0.6759933258082724 0
1594199716034 0.6759919457062431 0
1594199740244 0.6759892239029517 0
1594199749856 0.6759820627791862 0
1594199761464 0.6759699741248463 0
1594199776133 0.6759621272607491 0
1594199784226 0.6759534170057482 0
1594199793195 0.675944656120471 0
1594199804919 0.6759339828715932 0
1594199819211 0.6759144536653467 0
1594199827464 0.6759035190182243 0
1594199836731 0.6758925189825278 0
1594199853362 0.6758661295546521 0
1594199862530 0.675852067073681 0
