1594199628414 0.691574034813392 0
1594199645837 0.6915741240627434 0
1594199658274 0.6915741774159735 0
1594199667853 0.6915742183709102 0
1594199680210 0.6915742785540349 0
1594199688785 0.6915743199871747 0
1594199700876 0.6915743802144946 0
1594199715910 0.6915744384427487 0
1594199740113 0.6915745528064351 0
1594199749680 0.6915741893160123 0
1594199761220 0.6915730998677737 0
1594199776013 0.6915723205566321 0
1594199784105 0.6915715013555428 0
1594199793042 0.6915706448254829 0
1594199804766 0.6915695336437219 0
1594199819087 0.6915674766749332 0
1594199827321 0.6915663788524268 0
1594199836581 0.6915653444879495 0
1594199853236 0.691563133236454 0
1594199862414 0.6915620528652863 0
