1594199628505 0.42722568146764206 0
1594199645918 0.4272169711995284 0
1594199658375 0.42721182022627135 0
1594199667929 0.42720838794452354 0
1594199680284 0.4272019419470606 0
1594199688863 0.42719830746702325 0
1594199700986 0.4271915914972511 0
1594199715996 0.4271861599738027 0
1594199740201 0.42717367747650503 0
1594199749802 0.42716949776372803 0
1594199761377 0.4271635044729624 0
1594199776088 0.4271598860700757 0
1594199784187 0.42715604326891377 0
1594199793148 0.4271518820362224 0
1594199804866 0.4271467246550507 0
1594199819170 0.42713863961602594 0
1594199827417 0.4271344723586881 0
1594199836678 0.4271297609014954 0
1594199853322 0.4271208543149314 0
1594199862491 0.4271166980756867 0
