1594199628586 1.8447893948364855 0
1594199645990 1.8447662205894315 0
1594199658486 1.8447524354989477 0
1594199668028 1.844741866749258 0
1594199680353 1.844726305239029 0
1594199688934 1.8447155300991367 0
1594199701066 1.8446999733285916 0
1594199716066 1.8446847234608954 0
1594199740279 1.8446547645205154 0
1594199749905 1.8439848291585306 0
1594199761540 1.8429058920803871 0
1594199776196 1.8422140609932152 0
1594199784260 1.8414683721267031 0
1594199793237 1.8407132227923353 0
1594199804963 1.8397870752662917 0
1594199819246 1.8380823137153175 0
1594199827503 1.8371510883550062 0
1594199836768 1.8362382770424102 0
1594199853402 1.8341263525231912 0
1594199862563 1.8330291867982373 0
