1594199628454 0.22153071498063925 0
1594199645871 0.22153012888015913 0
1594199658317 0.2215297910603798 0
1594199667884 0.22152951347420388 0
1594199680241 0.2215291316155018 0
1594199688818 0.22152886725510912 0
1594199700935 0.2215284870728427 0
1594199715952 0.2215281199817114 0
1594199740150 0.2215273873795103 0
1594199749734 0.22154203513645834 0
1594199761291 0.22156308373351066 0
1594199776044 0.22157812310217134 0
1594199784140 0.2215939185206271 0
1594199793088 0.2216102923431016 0
1594199804809 0.22163141494934965 0
1594199819121 0.22167008486471218 0
1594199827362 0.22169052618009905 0
1594199836616 0.2217096038298646 0
1594199853273 0.22175022474805817 0
1594199862446 0.22177004676235168 0
