1594199628428 -0.09869679361508235 0
1594199645850 -0.09869680112171464 0
1594199658292 -0.09869680559357741 0
1594199667865 -0.09869680908969033 0
1594199680222 -0.09869681428900033 0
1594199688799 -0.09869681784111094 0
1594199700901 -0.09869682301657796 0
1594199715927 -0.09869682807973294 0
1594199740128 -0.09869683817016035 0
1594199749706 -0.09869686518901512 0
1594199761249 -0.09869696481839485 0
1594199776025 -0.09869703522532723 0
1594199784119 -0.09869711062563215 0
1594199793059 -0.0986971896031634 0
1594199804783 -0.09869729441023317 0
1594199819101 -0.09869748972354934 0
1594199827337 -0.0986975969434039 0
1594199836595 -0.09869769996478892 0
1594199853250 -0.09869793089818417 0
1594199862427 -0.09869804722270313 0
