1594199628483 0.0010428336959718602 0
1594199645897 0.0010427460074337953 0
1594199658350 0.001042688550804829 0
1594199667909 0.001042643155182604 0
1594199680266 0.0010425767103735164 0
1594199688843 0.0010425504272605062 0
1594199700964 0.0010425409440179053 0
1594199715976 0.0010425334375337065 0
1594199740179 0.0010425225186764266 0
1594199749769 0.0010452761678537926 0
1594199761339 0.0010452762238778947 0
1594199776069 0.0010449525879241337 0
1594199784167 0.00104515916308674 0
1594199793118 0.0010450370624732535 0
1594199804839 0.001045037042368273 0
1594199819150 0.0010450370963446087 0
1594199827393 0.0010448657589539206 0
1594199836649 0.0010451190233658166 0
1594199853301 0.0010449526425235017 0
1594199862471 0.0010435898183608736 0
