1594199628563 -0.04611099053060057 0
1594199645970 -0.04611071889132707 0
1594199658439 -0.046110556162316976 0
1594199668006 -0.046110431050842955 0
1594199680334 -0.04611024689002139 0
1594199688914 -0.046110119909568405 0
1594199701043 -0.04610993501933779 0
1594199716046 -0.04610975592251496 0
1594199740258 -0.04610940310269958 0
1594199749874 -0.04610888571016978 0
1594199761492 -0.04610833158115128 0
1594199776158 -0.04610798511874353 0
1594199784240 -0.0461076273780663 0
1594199793210 -0.04610730449893613 0
1594199804934 -0.04610694603279426 0
1594199819225 -0.046106393625700084 0
1594199827480 -0.046106145623345925 0
1594199836745 -0.046105942500766287 0
1594199853376 -0.04610554206821768 0
1594199862543 -0.04610534955055489 0
