1594199628527 -0.00010130368187295014 0
1594199645937 -2.0041673001743673e-05 0
1594199658397 -5.2579399999161444e-05 0
1594199667959 -0.00015284680742831385 0
1594199680303 -0.0001372496000549807 0
1594199688882 -0.00013972680935723814 0
1594199701008 -0.00013934664276151162 0
1594199716015 -0.00013972191243508028 0
1594199740221 -3.364609901283863e-05 0
1594199749832 -5.034208191401657e-05 0
1594199761419 -5.093468049048443e-05 0
1594199776107 -4.944432438406588e-05 0
1594199784207 -0.000103133674392439 0
1594199793172 -8.227058509804591e-05 0
1594199804888 -0.00010895177107131243 0
1594199819191 -9.33342953721908e-05 0
1594199827440 -0.00015235403135834783 0
1594199836708 -6.0710367502143266e-05 0
1594199853342 -6.191444147728938e-05 0
1594199862511 -2.060213865998032e-05 0
