1594199628376 -0.017365527154307777 0
1594199645793 -0.017365527753113952 0
1594199658235 -0.017365528024927922 0
1594199667796 -0.01736552819875827 0
1594199680153 -0.017365528408648894 0
1594199688727 -0.01736552852681842 0
1594199700802 -0.01736552866729358 0
1594199715848 -0.017365528774284218 0
1594199740051 -0.01736552892293406 0
1594199749638 0.011133167216137059 0
1594199761142 0.011131159666843232 0
1594199775965 0.011129624975503584 0
1594199784057 0.011128146386803633 0
1594199793001 0.011126514132642302 0
1594199804699 0.011124729664491805 0
1594199819053 0.011121600799675235 0
1594199827261 0.011119943969132885 0
1594199836490 0.011118374230254382 0
1594199853200 0.011114890625316929 0
1594199862355 -0.006144697022804086 0
