1594199628519 -0.09532851899288354 0
1594199645930 -0.09532894755054187 0
1594199658390 -0.09533056901066198 0
1594199667948 -0.09532753629813122 0
1594199680297 -0.09532771080340896 0
1594199688875 -0.0953262666893757 0
1594199701001 -0.09532772478705522 0
1594199716008 -0.0953262667066497 0
1594199740215 -0.09532808616497075 0
1594199749820 -0.09532608758979542 0
1594199761403 -0.09533053992157031 0
1594199776101 -0.09532644482596721 0
1594199784200 -0.09532585315408777 0
1594199793163 -0.09532647203526205 0
1594199804881 -0.09532778616717778 0
1594199819184 -0.09532609921653898 0
1594199827433 -0.09532611013516842 0
1594199836699 -0.09533010213393583 0
1594199853335 -0.09532830104006755 0
1594199862504 -0.09532727523338762 0
