1594199628384 -0.0789504181635767 0
1594199645804 -0.07895041765789966 0
1594199658242 -0.07895041742835965 0
1594199667813 -0.0789504172815644 0
1594199680170 -0.07895041710431724 0
1594199688742 -0.07895041700452626 0
1594199700815 -0.0789504168858988 0
1594199715865 -0.07895041679554807 0
1594199740069 -0.07895041667001733 0
1594199749647 -0.07894918020686993 0
1594199761159 -0.0789492841914633 0
1594199775985 -0.07894936115453106 0
1594199784075 -0.07894943934302513 0
1594199793008 -0.07894952275893395 0
1594199804717 -0.07894961704626792 0
1594199819060 -0.07894978385377373 0
1594199827277 -0.078949872207742 0
1594199836529 -0.07894995820090497 0
1594199853208 -0.07895014728587041 0
1594199862370 -0.07894971011927503 0
