1594199628391 -0.005182961058242034 0
1594199645814 -0.005182961458045158 0
1594199658250 -0.005182961376604242 0
1594199667830 -0.005182961301780139 0
1594199680187 -0.005182961399401218 0
1594199688759 -0.005182961324049249 0
1594199700834 -0.00518296153575401 0
1594199715882 -0.005182961433626826 0
1594199740086 -0.005182961568923779 0
1594199749655 -0.0031445254805681448 0
1594199761176 -0.003316112819111216 0
1594199775994 -0.003445423925424507 0
1594199784084 -0.0035713502284457723 0
1594199793016 -0.003708154475045168 0
1594199804733 -0.0038607145994940225 0
1594199819066 -0.004128626595196326 0
1594199827293 -0.0042708069718783844 0
1594199836556 -0.004405236909822712 0
1594199853216 -0.0047046487261375265 0
1594199862386 -0.004018760185279213 0
