1594199628355 0.6182687978940238 0
1594199645772 0.618268797639428 0
1594199658228 0.6182687975238608 0
1594199667780 0.6182687974499523 0
1594199680137 0.6182687973607132 0
1594199688711 0.6182687973104692 0
1594199700788 0.6182687972507428 0
1594199715832 0.6182687972052521 0
1594199740034 0.6182687971420531 0
1594199749631 0.5881398858917531 0
1594199761127 0.5881370920157455 0
1594199775947 0.5881349495279938 0
1594199784039 0.5881328973485342 0
1594199792993 0.5881306252543149 0
1594199804683 0.5881281408970317 0
1594199819044 0.5881237844423715 0
1594199827242 0.5881214723720226 0
1594199836475 0.5881192930593179 0
1594199853185 0.5881144351012129 0
1594199862339 0.5907635910974397 0
