1594199628445 0.0022895242855331447 0
1594199645864 0.0022792850575399076 0
1594199658307 0.002273115463119094 0
1594199667878 0.002268350931466579 0
1594199680235 0.0022613131102922402 0
1594199688811 0.0022564367176060003 0
1594199700926 0.0022493051441924887 0
1594199715945 0.0022423607123677456 0
1594199740143 0.0022285770822023225 0
1594199749722 0.0021791231368400773 0
1594199761277 0.0020395757969143484 0
1594199776037 0.0019425518956795568 0
1594199784133 0.0018395749299069909 0
1594199793080 0.0017305071197246758 0
1594199804801 0.001587362951263433 0
1594199819115 0.001319205886397356 0
1594199827353 0.0011725170675568352 0
1594199836609 0.001031062091778369 0
1594199853265 0.0007151472720904058 0
1594199862439 0.0005560496421907823 0
