1594199628255 -0.6768757 0
1594199645709 -0.5456025 0
1594199658118 0.28930756 0
1594199667718 -0.9174497 0
1594199680074 0.59831184 0
1594199688653 -0.85453427 0
1594199700726 -0.43975508 0
1594199715765 -0.13292076 0
1594199739971 -0.9544637 0
1594199749563 0.5961895 0
1594199761066 0.73291296 0
1594199775869 -0.102797024 0
1594199783957 0.10117071 0
1594199792888 0.2307986 0
1594199804624 0.706578 0
1594199818949 0.9624797 0
1594199827179 0.52230906 0
1594199836424 -0.7860994 0
1594199853103 0.9367403 0
1594199862275 0.17691071 0
