1594199628278 -0.8064717 0
1594199645721 0.76208025 0
1594199658157 0.7410716 0
1594199667733 -0.66616094 0
1594199680090 0.7084104 0
1594199688667 -0.2880025 0
1594199700740 0.35545102 0
1594199715782 0.9230347 0
1594199739986 0.7740347 0
1594199749586 -0.1439007 0
1594199761083 0.6077296 0
1594199775887 -0.17929198 0
1594199783983 -0.16224901 0
1594199792919 -0.1707976 0
1594199804638 0.19592266 0
1594199818988 -0.8550841 0
1594199827195 -0.8191038 0
1594199836437 -0.85118854 0
1594199853141 0.90757036 0
1594199862297 -0.0016897327 0
