1594201063180 0.52798915 0
1594201069400 0.8602069 0
1594201088686 0.18796822 0
1594201100084 -0.1978361 0
1594201120514 -0.012695109 0
1594201132847 0.04924764 0
1594201140872 0.957792 0
1594201145557 -0.34827796 0
1594201152367 0.24928097 0
1594201157821 0.8544801 0
1594201161880 0.67564905 0
1594201165555 0.9019248 0
1594201177581 -0.74236906 0
1594201184474 0.76868194 0
1594201190388 -0.7235632 0
1594201199651 0.1446616 0
1594201203731 0.26588988 0
1594201208845 -0.95293766 0
1594201212247 -0.31632906 0
1594201220030 -0.9083461 0
