1594201063165 0.4595851 0
1594201069381 -0.6622393 0
1594201088667 -0.73866427 0
1594201100065 -0.4402296 0
1594201120504 -0.09217075 0
1594201132832 0.35812408 0
1594201140861 -0.3534825 0
1594201145545 0.50031716 0
1594201152350 -0.9859728 0
1594201157804 -0.03668803 0
1594201161861 -0.12878451 0
1594201165541 -0.73494756 0
1594201177568 -0.060345646 0
1594201184455 -0.008308888 0
1594201190370 -0.607043 0
1594201199634 -0.48659307 0
1594201203714 0.50365657 0
1594201208826 -0.47577775 0
1594201212231 -0.52398324 0
1594201220011 0.7875256 0
