1594201063225 -0.09852925717643458 0
1594201069471 -0.09852925777696044 0
1594201088749 -0.09852925948186546 0
1594201100151 -0.0985292606576487 0
1594201120547 -0.09852926272968258 0
1594201132915 -0.09852930097526694 0
1594201140915 -0.09852931192960607 0
1594201145593 -0.09852915112817792 0
1594201152409 -0.09852910664382336 0
1594201157874 -0.09852910664403292 0
1594201161939 -0.09852910580136845 0
1594201165595 -0.09852910664424956 0
1594201177626 -0.09852910664475854 0
1594201184533 -0.09852912640746131 0
1594201190448 -0.09852912640779568 0
1594201199709 -0.09852910581927508 0
1594201203784 -0.09852910664580655 0
1594201208894 -0.0985291264087985 0
1594201212300 -0.09852912640896572 0
1594201220089 -0.09852909242707618 0
