1594201063299 -0.06260370527438999 0
1594201069556 -0.06260370527413742 0
1594201088812 -0.06260370527337969 0
1594201100267 -0.06260370527282041 0
1594201120611 -0.06260370527175599 0
1594201132962 -0.05167047409814637 0
1594201140983 -0.05167047408393862 0
1594201145655 -0.05058525994237436 0
1594201152456 -0.05058518846050846 0
1594201157922 -0.05058515319996756 0
1594201161985 -0.06379089369174941 0
1594201165659 -0.06379052695025711 0
1594201177687 -0.06378968489578002 0
1594201184577 -0.06378932235362586 0
1594201190495 -0.06378905980965217 0
1594201199755 -0.06378869057640622 0
1594201203841 -0.0637885443940516 0
1594201208950 -0.06378838049505466 0
1594201212367 -0.06378827607766442 0
1594201220135 -0.06378810283242979 0
