1594201063555 0.0005742877896075266 0
1594201069775 0.0005742877896075266 0
1594201089062 0.0005742854319324694 0
1594201100631 0.000574285513265607 0
1594201120776 0.0005742856759318819 0
1594201133188 0.0005742857014761494 0
1594201141180 0.0005742914117683338 0
1594201145848 0.0005742914373126024 0
1594201152622 0.0005742774453091528 0
1594201158148 0.0005742570058964466 0
1594201162164 0.0005742420760858403 0
1594201165840 0.0005742323033477225 0
1594201177849 0.0005741976168227384 0
1594201184749 0.0005741795659913117 0
1594201190660 0.0005741651715152253 0
1594201199919 0.0005741433671094076 0
1594201204018 0.0005741354669207985 0
1594201209119 0.0005741664770369802 0
1594201212548 0.0005741556613936973 0
1594201220308 0.0005743637299112472 0
