1594201063286 0.40862741652992707 0
1594201069544 0.4086274165291499 0
1594201088797 0.40862741652681844 0
1594201100249 0.4086274165250976 0
1594201120604 0.40862741652182244 0
1594201132953 0.428164139746454 0
1594201140972 0.42816413968367156 0
1594201145644 0.4286043892291979 0
1594201152449 0.42860455652193785 0
1594201157914 0.42860468546754055 0
1594201161977 0.4253507476837914 0
1594201165650 0.42535233017298696 0
1594201177677 0.4253558446326477 0
1594201184570 0.4253574741674133 0
1594201190488 0.4253586506779015 0
1594201199748 0.4253603551203851 0
1594201203832 0.4253609473050558 0
1594201208943 0.42536175213887456 0
1594201212355 0.425362213375453 0
1594201220126 0.42536295355131315 0
