1594201063570 -0.0016076471632369771 0
1594201069787 -0.0016076471632369771 0
1594201089072 -0.001607619402868305 0
1594201100650 -0.0016076194910980438 0
1594201120785 -0.001607619667557524 0
1594201133197 -0.001607619653610325 0
1594201141189 -0.0016075811410116987 0
1594201145861 -0.0016075811270644996 0
1594201152631 -0.0016075319977672366 0
1594201158163 -0.001607553390313112 0
1594201162171 -0.0016075346595150984 0
1594201165853 -0.0016075520849703183 0
1594201177858 -0.00160762363033655 0
1594201184758 -0.001607666684525206 0
1594201190666 -0.001607703388752228 0
1594201199926 -0.0016077629498962875 0
1594201204026 -0.0016077852124403082 0
1594201209129 -0.0016078228339832309 0
1594201212555 -0.0016078370955037696 0
1594201220316 -0.0016079028864281497 0
