1594201063463 0.4576565973485529 0
1594201069689 0.45765934078318415 0
1594201088967 0.4747679812974505 0
1594201100486 0.47477508771453103 0
1594201120701 0.47478860573826753 0
1594201133088 0.474795706855478 0
1594201141099 0.4748005150634465 0
1594201145775 0.47480280472840947 0
1594201152556 0.4748078413211639 0
1594201158070 0.4748126488276827 0
1594201162087 0.47481535002646647 0
1594201165766 0.4748183641414152 0
1594201177787 0.47482999138175214 0
1594201184683 0.47483659644809856 0
1594201190593 0.4748416256369618 0
1594201199859 0.5473740451707575 0
1594201203944 0.5473676557980496 0
1594201209045 0.5033277692189206 0
1594201212481 0.5033310655974701 0
1594201220243 0.5033390317462696 0
