1594201063438 -2.1074618187708842 0
1594201069667 -2.107617820460987 0
1594201088941 -2.108059337642203 0
1594201100455 -2.1084046472648055 0
1594201120684 -2.1090617835844285 0
1594201133071 -2.109407086152287 0
1594201141083 -2.109618380428122 0
1594201145760 -2.109729742913233 0
1594201152541 -2.0597268911647744 0
1594201158045 -2.0594671664218995 0
1594201162070 -2.059362633704776 0
1594201165747 -2.0591990596064633 0
1594201177770 -2.0585681272609238 0
1594201184668 -2.058209310842046 0
1594201190576 -2.0579122546119604 0
1594201199845 -2.057441827320718 0
1594201203925 -2.05726856241408 0
1594201209031 -2.05702139231637 0
1594201212463 -2.056872884514605 0
1594201220228 -2.255698734741607 0
