1594201063342 -0.035457363191523095 0
1594201069591 -0.035457363191523095 0
1594201088846 -0.035457363191523095 0
1594201100326 -0.035457363191523095 0
1594201120635 -0.035457363191523095 0
1594201132988 -0.03648685911850475 0
1594201141019 -0.03648685911850475 0
1594201145693 -0.03518120236306025 0
1594201152481 -0.03517380321812685 0
1594201157944 -0.03516775628880026 0
1594201162014 -0.03617340312668816 0
1594201165681 -0.0361135601979799 0
1594201177710 -0.035981578838769984 0
1594201184607 -0.03592028996592115 0
1594201190519 -0.03587622058275532 0
1594201199786 -0.03581183546736986 0
1594201203866 -0.03578992071842719 0
1594201208976 -0.03575903952751423 0
1594201212405 -0.0357416196046352 0
1594201220167 -0.03571377061908815 0
