1594201063256 -0.002463294549843525 0
1594201069508 -0.0024633249336752016 0
1594201088777 -0.0024634113408547134 0
1594201100202 -0.0024634706559167096 0
1594201120575 -0.002463575642098732 0
1594201132935 -0.0024650793948727194 0
1594201140951 -0.0024655297689749325 0
1594201145614 -0.0024618400777610566 0
1594201152429 -0.002459882960083309 0
1594201157897 -0.0024598830561733316 0
1594201161960 -0.002460331137540702 0
1594201165626 -0.002459883015586355 0
1594201177659 -0.0024598831445751743 0
1594201184551 -0.002457135295593986 0
1594201190469 -0.0024571351595009065 0
1594201199732 -0.002460331960002106 0
1594201203815 -0.002459883115084674 0
1594201208926 -0.002457135222902572 0
1594201212329 -0.0024571352435923065 0
1594201220111 -0.002458106462918593 0
