1594201063422 -0.0046821693393740964 0
1594201069656 -0.00468216959882581 0
1594201088927 -0.004681511153181067 0
1594201100437 -0.004681511161245831 0
1594201120677 -0.004681511733038925 0
1594201133061 -0.004681512096707949 0
1594201141073 -0.004682169015453669 0
1594201145751 -0.004682168910935184 0
1594201152533 -0.004698548054747569 0
1594201158030 -0.004698548340412055 0
1594201162062 -0.00469880306208578 0
1594201165736 -0.004698548289522084 0
1594201177762 -0.0046985480387217995 0
1594201184659 -0.004697927932403736 0
1594201190567 -0.004697927874626198 0
1594201199838 -0.004698813886763688 0
1594201203915 -0.004698548560189979 0
1594201209023 -0.0046979279609340625 0
1594201212455 -0.004697927884318252 0
1594201220219 -0.004689003756936171 0
