1594201063543 -0.09915529220767609 0
1594201069765 -0.09915529220805695 0
1594201089053 -0.09915529170000914 0
1594201100614 -0.09915529170081962 0
1594201120767 -0.09915529170236698 0
1594201133178 -0.09915529170318252 0
1594201141170 -0.09915529085491981 0
1594201145841 -0.09915529085523579 0
1594201152615 -0.09915529098839308 0
1594201158133 -0.09915529156900008 0
1594201162150 -0.09915529137448245 0
1594201165832 -0.0991552916768005 0
1594201177841 -0.09915529341727139 0
1594201184742 -0.09915529411977698 0
1594201190650 -0.0991552949955131 0
1594201199912 -0.09915529683317689 0
1594201204010 -0.09915529724478768 0
1594201209108 -0.09915529747920909 0
1594201212541 -0.09915529786076657 0
1594201220300 -0.09915528961119952 0
