1594201063398 -0.08383559417793918 0
1594201069634 -0.08383559417810123 0
1594201088892 -0.08383558498052211 0
1594201100400 -0.08383558497790164 0
1594201120661 -0.08383558497291099 0
1594201133033 -0.08383558497028705 0
1594201141049 -0.08383559415670544 0
1594201145728 -0.08383559415681223 0
1594201152514 -0.0838357013844839 0
1594201158001 -0.08383570138520241 0
1594201162047 -0.083835702275401 0
1594201165717 -0.08383570138594792 0
1594201177744 -0.08383570138771836 0
1594201184643 -0.08383570702087194 0
1594201190552 -0.08383570702159263 0
1594201199822 -0.08383570233720034 0
1594201203898 -0.08383570139143451 0
1594201209006 -0.08383570702377575 0
1594201212438 -0.08383570702414307 0
1594201220203 -0.08383558768110468 0
