1594201063449 0.4802691078127284 0
1594201069676 0.48027524554238177 0
1594201088954 0.47569509694597367 0
1594201100473 0.4756934452893991 0
1594201120692 0.47569030587220285 0
1594201133080 0.4756886591133475 0
1594201141092 0.47568754418033043 0
1594201145767 0.47568701362985455 0
1594201152549 0.47568584703643957 0
1594201158059 0.4756847344652033 0
1594201162078 0.47568410272548656 0
1594201165756 0.4756834113877317 0
1594201177777 0.4756807241121772 0
1594201184675 0.4756791985853121 0
1594201190585 0.4756780254961393 0
1594201199852 0.43128103603954726 0
1594201203935 0.4312767929539307 0
1594201209038 0.4274623753172002 0
1594201212472 0.4274475992074214 0
1594201220235 0.4274118882133183 0
