1594201063383 0.10404229430935298 0
1594201069625 0.10403793158587188 0
1594201088882 0.10402556939428267 0
1594201100383 0.10401590795076375 0
1594201120655 0.10399751851412035 0
1594201133022 0.10398785547420382 0
1594201141042 0.10399079118042548 0
1594201145715 0.1039876738943421 0
1594201152506 0.12674367096340963 0
1594201157987 0.12673913183953645 0
1594201162038 0.1267373063693764 0
1594201165705 0.1267344465066578 0
1594201177734 0.12672341877149362 0
1594201184633 0.12671714076622237 0
1594201190543 0.12671194898666943 0
1594201199816 0.1267037348439161 0
1594201203890 0.12670070304236697 0
1594201208998 0.1266963771098856 0
1594201212431 0.12669377969313295 0
1594201220196 0.08023069045237886 0
