1594201063326 3.13551680171888 0
1594201069580 3.13551680171888 0
1594201088838 3.13551680171888 0
1594201100307 3.13551680171888 0
1594201120625 3.13551680171888 0
1594201132980 3.1366384462898407 0
1594201141007 3.1366384462898407 0
1594201145684 3.135216920744201 0
1594201152472 3.1352099548799353 0
1594201157937 3.1352056553652883 0
1594201162005 3.1363009319126642 0
1594201165673 3.1362360662553628 0
1594201177702 3.136091186712477 0
1594201184600 3.1360248108452775 0
1594201190512 3.1359768174180056 0
1594201199776 3.1359078186791236 0
1594201203856 3.135882999252084 0
1594201208968 3.135850925189216 0
1594201212392 3.1358320487805056 0
1594201220159 3.135801488625043 0
