1594201063194 0.46970411007926127 0
1594201069418 0.4697041075897606 0
1594201088714 0.46970410010251445 0
1594201100106 0.46970409455893486 0
1594201120523 0.4697040839703069 0
1594201132863 0.47008331269397974 0
1594201140884 0.47008326400474704 0
1594201145572 0.4706013640440562 0
1594201152382 0.4706018928955934 0
1594201157839 0.47060271049200814 0
1594201161895 0.47060304056528934 0
1594201165569 0.4706035557155562 0
1594201177596 0.4706055414106803 0
1594201184494 0.4706066748882248 0
1594201190403 0.47060760938936425 0
1594201199671 0.4706090842995427 0
1594201203749 0.47060962989541527 0
1594201208861 0.4706104118848156 0
1594201212262 0.47061087917346345 0
1594201220049 0.47061175555381385 0
