1594201063582 2.142056255860163 0
1594201069802 2.142056255860163 0
1594201089086 2.142056255870029 0
1594201100668 2.1420562558699388 0
1594201120793 2.142056255869757 0
1594201133207 2.1420562558697407 0
1594201141201 2.1420563081908544 0
1594201145873 2.142056308190838 0
1594201152638 2.142056308216192 0
1594201158179 2.1420563605411242 0
1594201162179 2.1420564700008633 0
1594201165862 2.142056522318363 0
1594201177866 2.1420567363973535 0
1594201184766 2.1420568410288072 0
1594201190675 2.1420570027868377 0
1594201199934 2.14205710741658 0
1594201204034 2.1420572168588725 0
1594201209142 2.142057321452461 0
1594201212565 2.1420573214570617 0
1594201220325 2.142057854043521 0
