1594201063511 -2.4895691973729916 0
1594201069737 -2.4895825974615735 0
1594201089015 -2.068172698955823 0
1594201100563 -2.068297685917984 0
1594201120741 -2.0685354745470437 0
1594201133132 -2.068660338910744 0
1594201141136 -2.0687449693159516 0
1594201145812 -2.06878524921991 0
1594201152591 -2.068873850791148 0
1594201158109 -2.068958408670702 0
1594201162120 -2.0690058597241245 0
1594201165803 -2.069058996602991 0
1594201177818 -2.0692635412760336 0
1594201184718 -2.06937970606501 0
1594201190626 -2.0694673599468962 0
1594201199888 -0.5222582056836699 0
1594201203985 -0.5221959810568795 0
1594201209079 -1.2907318189604522 0
1594201212514 -1.2907810183240542 0
1594201220277 -1.2908998433069816 0
