1594201063312 -0.08218747755755772 0
1594201069568 -0.08218747755754362 0
1594201088822 -0.08218747755750137 0
1594201100286 -0.0821874775574702 0
1594201120618 -0.08218747755741085 0
1594201132970 -0.08218640651070527 0
1594201140992 -0.08218640650964767 0
1594201145671 -0.08218777086761096 0
1594201152465 -0.08218777788951068 0
1594201157929 -0.08218778252559328 0
1594201161992 -0.08218673138829603 0
1594201165666 -0.08218679059241743 0
1594201177694 -0.08218692709016616 0
1594201184589 -0.08218699005668585 0
1594201190504 -0.08218703605484019 0
1594201199767 -0.08218710268123576 0
1594201203848 -0.0821871264346698 0
1594201208958 -0.08218715750603436 0
1594201212380 -0.08218717568759516 0
1594201220148 -0.08218720410202987 0
