1594201063355 -0.3942486610442228 0
1594201069599 -0.3942486610442228 0
1594201088861 -0.3942486610442228 0
1594201100345 -0.3942486610442228 0
1594201120642 -0.3942486610442228 0
1594201132995 -0.3401882040730135 0
1594201141027 -0.3401882040730135 0
1594201145701 -0.3050535231238947 0
1594201152489 -0.30505367122223226 0
1594201157958 -0.3050537916800942 0
1594201162022 -0.5624061078430684 0
1594201165689 -0.5624075244449481 0
1594201177719 -0.5624116526392542 0
1594201184615 -0.56241314008382 0
1594201190528 -0.5624142586834538 0
1594201199795 -0.5624157722281261 0
1594201203873 -0.5624161921533329 0
1594201208983 -0.5624167860593432 0
1594201212414 -0.562417071429841 0
1594201220180 -0.5624174560605979 0
