1594201063519 0.6007347588177107 0
1594201069746 0.6007347587809512 0
1594201089033 0.6007347586647628 0
1594201100579 0.6007347585909385 0
1594201120750 0.6007347584498564 0
1594201133148 0.6007347583753524 0
1594201141150 0.6007347576418669 0
1594201145818 0.6007347576140107 0
1594201152597 0.6007347565925486 0
1594201158118 0.60073475310268 0
1594201162128 0.6007347516291318 0
1594201165814 0.6007347492025946 0
1594201177826 0.6007347396324032 0
1594201184727 0.6007347340920317 0
1594201190634 0.6007347294724863 0
1594201199896 0.6007347221170053 0
1594201203994 0.6007347194012909 0
1594201209091 0.6007347156651117 0
1594201212522 0.6007347136375296 0
1594201220284 0.6007346877030844 0
