1594201063370 0.6948628260709306 0
1594201069611 0.6948632015336631 0
1594201088873 0.6948642529906192 0
1594201100364 0.6948650728960848 0
1594201120649 0.6948666175476107 0
1594201133008 0.6948674208342295 0
1594201141034 0.6948642959181363 0
1594201145709 0.6948645526888665 0
1594201152497 0.5956548202568862 0
1594201157973 0.5956518633467689 0
1594201162031 0.5956506783775755 0
1594201165698 0.5956488132344443 0
1594201177727 0.5956416401685088 0
1594201184625 0.595637554274646 0
1594201190536 0.595634183067081 0
1594201199806 0.5956288634135803 0
1594201203880 0.5956268944281852 0
1594201208991 0.5956240842914244 0
1594201212422 0.5956224016390498 0
1594201220188 0.6543106529052136 0
