1594201063272 -1.448189605285199 0
1594201069526 -1.448189436991361 0
1594201088788 -1.4481891793562276 0
1594201100225 -1.448188932069911 0
1594201120591 -1.448188506149947 0
1594201132945 -1.4389708798843377 0
1594201140962 -1.4389699489114558 0
1594201145629 -1.4265617698441977 0
1594201152441 -1.4265477398333792 0
1594201157906 -1.426526185387737 0
1594201161970 -1.4265174833208427 0
1594201165641 -1.4265037901958306 0
1594201177670 -1.4264513064987516 0
1594201184560 -1.426421475192164 0
1594201190477 -1.4263967137634426 0
1594201199740 -1.4263574978433313 0
1594201203823 -1.426343132124807 0
1594201208935 -1.4263225976266893 0
1594201212342 -1.426310171833643 0
1594201220119 -1.4262873504305675 0
