1594201063477 -0.0682161653426191 0
1594201069697 -0.06821616534282886 0
1594201088976 -0.06821604904284631 0
1594201100511 -0.06821604988111411 0
1594201120712 -0.06821604905600598 0
1594201133099 -0.06821604989356324 0
1594201141107 -0.0682160490635967 0
1594201145785 -0.06821604906505538 0
1594201152564 -0.0682160490682633 0
1594201158077 -0.06821604990378727 0
1594201162095 -0.06821604845013539 0
1594201165773 -0.0682160484576122 0
1594201177793 -0.06821604896547724 0
1594201184693 -0.06821604845792326 0
1594201190600 -0.06821605923510564 0
1594201199866 -0.06821635809848524 0
1594201203953 -0.06821635809735872 0
1594201209053 -0.06821674389275267 0
1594201212489 -0.06821674389195367 0
1594201220251 -0.06821674389002402 0
