1594201063499 0.0477835375968544 0
1594201069728 0.04778352523943179 0
1594201089003 0.047777585058893145 0
1594201100546 0.04777755495934695 0
1594201120732 0.04777761010728674 0
1594201133120 0.04777754903526023 0
1594201141126 0.04777755726638931 0
1594201145802 0.047777600898098994 0
1594201152581 0.04777757123759347 0
1594201158101 0.0477775797934558 0
1594201162111 0.0477775287892699 0
1594201165795 0.04777755824156688 0
1594201177810 0.04777757538165501 0
1594201184709 0.04777753960720321 0
1594201190618 0.047776758473183294 0
1594201199882 0.04777735604759171 0
1594201203976 0.047777349862526804 0
1594201209071 0.0477993905442343 0
1594201212505 0.047799332812498534 0
1594201220269 0.0477993573593306 0
