1594201063530 0.269930195664091 0
1594201069755 0.26993019571410115 0
1594201089043 0.2699301958683078 0
1594201100596 0.2699301959627637 0
1594201120758 0.26993019614373787 0
1594201133165 0.26993019623945835 0
1594201141161 0.2699301957975732 0
1594201145828 0.2699301958365783 0
1594201152606 0.2699301974198272 0
1594201158126 0.2699302023646998 0
1594201162135 0.2699302040442335 0
1594201165823 0.26993020645291466 0
1594201177833 0.26993021491736113 0
1594201184734 0.2699302192696662 0
1594201190640 0.2699302226788309 0
1594201199904 0.2699302277848744 0
1594201204001 0.2699302295868895 0
1594201209100 0.2699302324492826 0
1594201212532 0.2699302348955145 0
1594201220291 0.2699302208538612 0
