1594201063488 1.5333659617392452 0
1594201069712 1.533365989291149 0
1594201088988 1.5333635402810075 0
1594201100529 1.5333635981642466 0
1594201120721 1.533363539026221 0
1594201133109 1.5333635759891424 0
1594201141117 1.5333635791112679 0
1594201145794 1.5333635838384732 0
1594201152572 1.5333635135089272 0
1594201158087 1.5333635191684827 0
1594201162103 1.533363864713392 0
1594201165785 1.5333635958804925 0
1594201177802 1.5333635447260563 0
1594201184701 1.533363608879296 0
1594201190609 1.5333647726667428 0
1594201199874 1.5333574826003171 0
1594201203966 1.533357361738888 0
1594201209061 1.5333674768300807 0
1594201212498 1.5333674454963822 0
1594201220259 1.5333674513212623 0
