1594201063243 -0.0015659479806116848 0
1594201069489 -0.0015659472907981408 0
1594201088766 -0.0015659448079452256 0
1594201100175 -0.0015659429628624992 0
1594201120560 -0.0015659399728734532 0
1594201132922 -0.0015660016649398612 0
1594201140936 -0.0015658800267201777 0
1594201145603 -0.0015632681861534547 0
1594201152419 -0.0015651045032919646 0
1594201157889 -0.0015651044184585904 0
1594201161952 -0.0015647048499072272 0
1594201165610 -0.001565104496623896 0
1594201177644 -0.0015651044799978512 0
1594201184544 -0.0015677524333373813 0
1594201190460 -0.001567752296927216 0
1594201199723 -0.0015647049382530877 0
1594201203807 -0.001565104505380971 0
1594201208912 -0.0015677523331455894 0
1594201212314 -0.0015677524389323943 0
1594201220102 -0.001566936964640953 0
