1594201063408 -0.0038260438512025615 0
1594201069647 -0.0038260436859468144 0
1594201088909 -0.00382605833535603 0
1594201100418 -0.0038260582134748483 0
1594201120668 -0.003826058540492139 0
1594201133048 -0.0038260585882279713 0
1594201141061 -0.0038260466762859656 0
1594201145742 -0.0038260465020920724 0
1594201152524 -0.0038234564246736116 0
1594201158015 -0.0038234565653304242 0
1594201162054 -0.003823654862933908 0
1594201165728 -0.0038234565393671775 0
1594201177752 -0.0038234561844163748 0
1594201184650 -0.0038230599305947013 0
1594201190560 -0.0038230599887527196 0
1594201199829 -0.003823648752651851 0
1594201203906 -0.0038234563748266335 0
1594201209014 -0.0038230601543518075 0
1594201212446 -0.0038230598523863184 0
1594201220211 -0.003826348119763361 0
