1594201063211 0.03316214152623711 0
1594201069453 0.033162140662540855 0
1594201088731 0.0331621380570311 0
1594201100128 0.03316213612113745 0
1594201120537 0.033162132409864556 0
1594201132899 0.03327616628929284 0
1594201140897 0.03327618952324625 0
1594201145584 0.03352498089248069 0
1594201152397 0.03352464830659086 0
1594201157855 0.033524135153119076 0
1594201161921 0.033523928137801556 0
1594201165582 0.03352360468288552 0
1594201177612 0.033522358530431375 0
1594201184513 0.033521646595755406 0
1594201190421 0.03352106021316523 0
1594201199690 0.03352013559617204 0
1594201203763 0.033519793137923554 0
1594201208878 0.03351930186521346 0
1594201212284 0.03351900870233595 0
1594201220064 0.03351845611454445 0
