1594201063150 0.40862423 0
1594201069354 -0.44898942 0
1594201088651 0.6782888 0
1594201100043 0.867933 0
1594201120494 0.33420756 0
1594201132815 -0.19941998 0
1594201140846 -0.016441088 0
1594201145529 -0.10358645 0
1594201152335 0.07938859 0
1594201157788 -0.9074457 0
1594201161847 -0.0837179 0
1594201165528 -0.9421647 0
1594201177553 -0.9361799 0
1594201184437 0.18294524 0
1594201190348 0.9169406 0
1594201199617 0.9119746 0
1594201203699 -0.42842457 0
1594201208812 0.9266784 0
1594201212218 -0.70886844 0
1594201219996 0.30317417 0
