1594201063129 -0.3995565 0
1594201069333 0.8977102 0
1594201088638 0.04029643 0
1594201100020 0.98482746 0
1594201120480 -0.62392366 0
1594201132796 -0.7543423 0
1594201140829 0.41412336 0
1594201145514 -0.3672901 0
1594201152318 0.96612495 0
1594201157772 0.58332443 0
1594201161831 -0.63323706 0
1594201165514 -0.10496785 0
1594201177539 0.96356887 0
1594201184418 -0.92545813 0
1594201190328 0.27283 0
1594201199600 -0.4493446 0
1594201203684 0.8329531 0
1594201208794 -0.29801178 0
1594201212205 0.26862955 0
1594201219979 -0.2640272 0
