1594200230880 -0.6531557 0
1594200236622 0.23688419 0
1594200241210 0.49579886 0
1594200245881 0.51592386 0
1594200250770 0.4223744 0
1594200258455 0.05695703 0
1594200263028 -0.0036422461 0
1594200268083 -0.40551746 0
1594200279340 0.51078194 0
1594200283977 0.20104332 0
1594200291253 -0.8159737 0
1594200303207 0.5422638 0
1594200308251 0.37415117 0
1594200314664 0.8688007 0
1594200319586 -0.0923972 0
1594200335132 0.1698973 0
1594200340122 -0.9270614 0
1594200345208 -0.2525268 0
1594200353990 0.0808439 0
1594200358766 0.93446815 0
