1594200230885 0.79173905 0
1594200236635 0.38000104 0
1594200241225 0.75132287 0
1594200245895 0.74052566 0
1594200250785 0.100376114 0
1594200258470 0.6924732 0
1594200263043 0.21412747 0
1594200268098 0.52656007 0
1594200279356 -0.60399675 0
1594200283993 -0.19325086 0
1594200291268 0.57661706 0
1594200303222 0.66022766 0
1594200308263 0.38497263 0
1594200314679 0.102875024 0
1594200319600 -0.8588172 0
1594200335147 0.44589555 0
1594200340138 -0.1153787 0
1594200345222 -0.7951594 0
1594200354002 -0.109577306 0
1594200358777 -0.9252187 0
