1594200230926 0.4369279104546426 0
1594200236731 0.4369272771224992 0
1594200241315 0.43692677372467986 0
1594200245988 0.43692627036837256 0
1594200250878 0.43692573397935863 0
1594200258562 0.4369248396276982 0
1594200263133 0.43692435358975945 0
1594200268189 0.43692380116348445 0
1594200279448 0.4398550705427374 0
1594200284089 0.4398445012048499 0
1594200291357 0.43982734904063986 0
1594200303312 0.4397993971432307 0
1594200308357 0.439788943539204 0
1594200314775 0.43977483073514895 0
1594200319694 0.43976434694264344 0
1594200335240 0.4397311719569857 0
1594200340231 0.4397203962971181 0
1594200345312 0.43970987443714055 0
1594200354085 0.43969005149481066 0
1594200358861 0.43968019434259087 0
