1594200230990 2.8256402371613154 0
1594200236797 2.811501018301854 0
1594200241380 2.8115147568584735 0
1594200246051 2.811528827388429 0
1594200250941 2.8115467267991434 0
1594200258626 2.8115743211789352 0
1594200263196 2.811586572706771 0
1594200268253 2.811600707557114 0
1594200279511 2.8116385411517313 0
1594200284164 2.811654680470484 0
1594200291420 2.811676962156498 0
1594200303376 2.811713309982603 0
1594200308423 2.8117274042901497 0
1594200314837 2.811747115991462 0
1594200319759 2.8117596146105024 0
1594200335306 2.8118035259263823 0
1594200340295 2.8118168019514362 0
1594200345375 2.811832489431787 0
1594200354155 2.8118611003319858 0
1594200358934 2.8118739326984525 0
