1594200231013 -0.0007523477493005382 0
1594200236821 -0.0007525038010282416 0
1594200241405 -0.0007524981702030247 0
1594200246074 -0.0007525829589732311 0
1594200250964 -0.0007519059619946409 0
1594200258649 -0.0007524250878776792 0
1594200263219 -0.0007525115928357958 0
1594200268276 -0.0007525050100781632 0
1594200279534 -0.0007524905108101411 0
1594200284190 -0.0007524849821687742 0
1594200291444 -0.0007524763637127179 0
1594200303399 -0.0007524630467189372 0
1594200308446 -0.0007524583011380891 0
1594200314861 -0.0007524519038694995 0
1594200319781 -0.0007525354589207476 0
1594200335329 -0.000752521196104455 0
1594200340318 -0.0007525167824064421 0
1594200345399 -0.0007525125633822768 0
1594200354178 -0.0007525047523287592 0
1594200358957 -0.0007525009340153126 0
