1594200230944 -0.0015436331014086135 0
1594200236751 -0.0015434045958310815 0
1594200241333 -0.0015432414269920347 0
1594200246005 -0.001543054386794191 0
1594200250895 -0.0015434046845321857 0
1594200258580 -0.0015448045677483424 0
1594200263150 -0.0015429860624879164 0
1594200268206 -0.0015430547649756946 0
1594200279465 -0.0009377594745112064 0
1594200284110 -0.0008238654074521496 0
1594200291374 -0.0007735822388049533 0
1594200303329 -0.0008839289840106081 0
1594200308375 -0.0008708246483645648 0
1594200314792 -0.0008481311451688319 0
1594200319713 -0.000840324302055888 0
1594200335258 -0.000774840438808669 0
1594200340249 -0.0007081092769502932 0
1594200345330 -0.0009377561919556101 0
1594200354109 -0.000840323337708491 0
1594200358889 -0.0009377555110254696 0
