1594200230972 -0.07469788082667667 0
1594200236780 -0.07469726079372783 0
1594200241362 -0.07469726059831637 0
1594200246034 -0.07469726151918289 0
1594200250923 -0.0746972611972433 0
1594200258608 -0.0746972607698192 0
1594200263178 -0.07469726267614003 0
1594200268235 -0.07469726296898475 0
1594200279493 -0.0746972712760761 0
1594200284144 -0.07469726220441392 0
1594200291403 -0.07469726073749805 0
1594200303358 -0.07469726177724954 0
1594200308404 -0.07469726171037243 0
1594200314820 -0.07469726178319747 0
1594200319742 -0.07469726077344996 0
1594200335287 -0.07469726184309908 0
1594200340277 -0.07469726246649279 0
1594200345358 -0.0746972603550306 0
1594200354137 -0.0746972618006686 0
1594200358916 -0.07469726057078949 0
