1594200231025 1.739684499075002 0
1594200236833 1.739684667208856 0
1594200241417 1.7396847583300104 0
1594200246086 1.739684835303175 0
1594200250976 1.7402716841775474 0
1594200258660 1.7402718526208634 0
1594200263230 1.7402720206908848 0
1594200268288 1.74027202071052 0
1594200279545 1.74027235672252 0
1594200284205 1.7402723567407954 0
1594200291455 1.7402726158793154 0
1594200303411 1.740272783911159 0
1594200308457 1.740272951912535 0
1594200314873 1.7402731199206147 0
1594200319793 1.7402731200068653 0
1594200335342 1.7402734560295736 0
1594200340330 1.7402735471742223 0
1594200345410 1.740273715175188 0
1594200354190 1.7402738831930225 0
1594200358968 1.7402738832103783 0
