1594200230892 0.41018365473589585 0
1594200236651 0.41018302420275643 0
1594200241240 0.41018258930929 0
1594200245910 0.4101821094356928 0
1594200250801 0.4101816416033075 0
1594200258485 0.4101807495939486 0
1594200263058 0.4101803008287245 0
1594200268113 0.41017975062673795 0
1594200279372 0.4101785295675966 0
1594200284009 0.41017806255385114 0
1594200291283 0.41017722038657595 0
1594200303237 0.4101759579162091 0
1594200308276 0.4388473277551315 0
1594200314695 0.4388473439918217 0
1594200319614 0.4388473583081307 0
1594200335161 0.4388473938450966 0
1594200340155 0.4388473952023262 0
1594200345238 0.43671083219918033 0
1594200354014 0.43671207202813667 0
1594200358787 0.4371411362530047 0
