1594200230897 -0.3569643820838316 0
1594200236666 -0.3569629384611108 0
1594200241255 -0.3569619901020876 0
1594200245924 -0.35696091498479837 0
1594200250816 -0.3569597748191654 0
1594200258500 -0.3569578317774602 0
1594200263074 -0.3569567836762402 0
1594200268128 -0.3569555530722138 0
1594200279388 -0.35695276559537975 0
1594200284026 -0.35695170332863313 0
1594200291299 -0.3569498821215563 0
1594200303252 -0.35694697597348607 0
1594200308290 -0.30138167521132087 0
1594200314712 -0.30138166176770737 0
1594200319629 -0.3013816501153315 0
1594200335175 -0.3013816205229791 0
1594200340171 -0.30138161926318247 0
1594200345254 -0.457650542366004 0
1594200354026 -0.4576500713519989 0
1594200358799 -0.45629284643243107 0
