1594200231001 -0.41214784695704476 0
1594200236809 -0.4121478434649547 0
1594200241393 -0.41214784066050436 0
1594200246063 -0.4121478380906782 0
1594200250952 -0.41215264660365697 0
1594200258637 -0.41215264184401496 0
1594200263207 -0.4121526391658127 0
1594200268265 -0.4121526360958278 0
1594200279522 -0.41215262884164083 0
1594200284178 -0.41215262601966934 0
1594200291431 -0.4121526213645097 0
1594200303387 -0.4121526138488902 0
1594200308434 -0.4121526109982882 0
1594200314849 -0.41215260712846663 0
1594200319770 -0.41215260440950047 0
1594200335317 -0.4121525957083725 0
1594200340307 -0.4121525928576398 0
1594200345387 -0.4121525900917557 0
1594200354166 -0.4121525848166126 0
1594200358945 -0.41215258221865486 0
