1594200230920 1.5728150101438776 0
1594200236722 1.5727998173282876 0
1594200241309 1.5727883745396412 0
1594200245983 1.5727762406090298 0
1594200250872 1.5727630617650499 0
1594200258557 1.5727415059995558 0
1594200263127 1.572729692266628 0
1594200268183 1.5727162881804029 0
1594200279442 1.5726847527690115 0
1594200284083 1.5726726144938241 0
1594200291351 1.5726525772326896 0
1594200303306 1.5726202673524352 0
1594200308347 1.4790753425516048 0
1594200314768 1.4790758477797812 0
1594200319688 1.4790761845066827 0
1594200335233 1.4790771147005068 0
1594200340225 1.4790771953244983 0
1594200345306 1.0742913588403762 0
1594200354074 1.0743183043243403 0
1594200358848 1.1113650963899573 0
