1594200230955 1.05895458767992 0
1594200236762 1.058986113801327 0
1594200241345 1.0590111184142228 0
1594200246017 1.059036123007912 0
1594200250907 1.059062784084057 0
1594200258591 1.0591072339027632 0
1594200263162 1.059131379296746 0
1594200268218 1.0591588983428282 0
1594200279476 2.4587180725738995 0
1594200284123 2.4589880881413664 0
1594200291386 2.4594314603584846 0
1594200303341 2.4601459248431072 0
1594200308387 2.460415650935649 0
1594200314803 2.460779801263517 0
1594200319725 2.461049255807147 0
1594200335270 2.4619000335599646 0
1594200340260 2.4621775113803053 0
1594200345341 2.4624471843301787 0
1594200354121 2.4629577870909447 0
1594200358900 2.463209713961246 0
