1594200230937 -0.09850786489199918 0
1594200236745 -0.09850786676700936 0
1594200241326 -0.09850786805341111 0
1594200246000 -0.09850786957993433 0
1594200250889 -0.09850786676279744 0
1594200258574 -0.0985078630651976 0
1594200263144 -0.09850787014621838 0
1594200268200 -0.09850786957319987 0
1594200279459 -0.09854178203152444 0
1594200284103 -0.09854215376989069 0
1594200291368 -0.0985436737088546 0
1594200303323 -0.098541164328665 0
1594200308368 -0.09854223273285356 0
1594200314785 -0.09854327016916933 0
1594200319708 -0.09854419456445353 0
1594200335251 -0.09854380595364742 0
1594200340242 -0.09854518352525204 0
1594200345323 -0.09854178232787368 0
1594200354103 -0.09854419470399366 0
1594200358883 -0.09854178238790431 0
