1594200230949 -0.002455932972684637 0
1594200236757 -0.002456101273568233 0
1594200241338 -0.002456216228368339 0
1594200246012 -0.002456344080999728 0
1594200250900 -0.0024561012381664393 0
1594200258586 -0.002455008568692846 0
1594200263156 -0.002456389698914944 0
1594200268213 -0.0024563440794665463 0
1594200279471 -0.0032255565176808085 0
1594200284117 -0.0030956724348693314 0
1594200291380 -0.0031688637120754087 0
1594200303335 -0.003126026437211866 0
1594200308381 -0.0031580632542212443 0
1594200314797 -0.0032119275716365183 0
1594200319720 -0.0032094297297831373 0
1594200335263 -0.00311353338190158 0
1594200340255 -0.00308566749213901 0
1594200345335 -0.0032255664399442594 0
1594200354115 -0.003209435240348281 0
1594200358894 -0.0032255684734490524 0
