1594200230932 0.3883711192416815 0
1594200236739 0.3883730503481063 0
1594200241320 0.3883745852443692 0
1594200245994 0.38837612002109906 0
1594200250883 0.3883777550488088 0
1594200258569 0.38838048093636424 0
1594200263138 0.3883819636837852 0
1594200268195 0.388383647714061 0
1594200279454 0.5232827140340703 0
1594200284096 0.5232765084184141 0
1594200291363 0.5232658683211313 0
1594200303318 0.5232486077828873 0
1594200308363 0.5232420861445028 0
1594200314780 0.5232332560664341 0
1594200319702 0.52322674118832 0
1594200335245 0.5232062332083903 0
1594200340237 0.5231995674188321 0
1594200345318 0.5231925955695443 0
1594200354097 0.5231802138343117 0
1594200358873 0.5231739119234013 0
