1594200230914 -0.002487072061480224 0
1594200236713 -0.00243140919958144 0
1594200241302 -0.0024752461614658845 0
1594200245971 -0.0024839620744478656 0
1594200250861 -0.0024964501238273758 0
1594200258546 -0.002487072667544101 0
1594200263119 -0.0024904786148117882 0
1594200268174 -0.0024656874248657652 0
1594200279437 -0.002479365187839659 0
1594200284076 -0.0024964505286917166 0
1594200291345 -0.0024752469268911645 0
1594200303296 -0.002456511366781576 0
1594200308333 -0.002443146163553927 0
1594200314762 -0.002443148324907421 0
1594200319674 -0.0024431973252783687 0
1594200335218 -0.0024431637662727314 0
1594200340218 -0.002443266692871397 0
1594200345300 -0.0024418651159177876 0
1594200354062 -0.0024418533565576223 0
1594200358836 -0.0024451292413780056 0
