1594200230984 0.04771246994542139 0
1594200236792 0.04768473746979474 0
1594200241374 0.04768477721557195 0
1594200246046 0.047684922924753306 0
1594200250935 0.04768482017172961 0
1594200258620 0.04768480120721608 0
1594200263190 0.047684856343391584 0
1594200268247 0.04768481981499776 0
1594200279505 0.0476849246409844 0
1594200284157 0.047684805507298034 0
1594200291414 0.047684747529640914 0
1594200303370 0.04768484908746176 0
1594200308417 0.047684826945424176 0
1594200314831 0.04768483189406864 0
1594200319754 0.04768482337267176 0
1594200335299 0.04768493187251724 0
1594200340290 0.04768483840180881 0
1594200345370 0.04768473334899829 0
1594200354149 0.0476848184147558 0
1594200358928 0.04768477586976406 0
