1594200230966 0.08002572239055765 0
1594200236774 0.07953111302636762 0
1594200241356 0.07953108966866226 0
1594200246029 0.07953106458026522 0
1594200250917 0.07953103788249319 0
1594200258603 0.07953099281071283 0
1594200263173 0.0795309782751671 0
1594200268230 0.0795309601957892 0
1594200279488 0.07953090105885448 0
1594200284137 0.07953087775173086 0
1594200291397 0.07953084757007552 0
1594200303353 0.07953079253847248 0
1594200308399 0.07953077310818389 0
1594200314814 0.07953074560838307 0
1594200319737 0.07953072667923371 0
1594200335281 0.07953065922667787 0
1594200340272 0.07953064399813076 0
1594200345352 0.07953061794116223 0
1594200354132 0.07953058399207723 0
1594200358911 0.07953056446943 0
