1594200230996 0.6638834651822749 0
1594200236804 0.6638834632260292 0
1594200241388 0.6638834618391192 0
1594200246057 0.6638834604288014 0
1594200250946 0.6638569028198402 0
1594200258632 0.6638568996467783 0
1594200263202 0.6638568981927679 0
1594200268259 0.6638568966722121 0
1594200279517 0.6638568930765486 0
1594200284171 0.6638568916768504 0
1594200291426 0.6638568893668388 0
1594200303382 0.6638568856348767 0
1594200308429 0.6638568842186408 0
1594200314843 0.6638568822954343 0
1594200319765 0.6638568808193286 0
1594200335311 0.6638568764946872 0
1594200340301 0.6638568750770959 0
1594200345381 0.6638568737013871 0
1594200354161 0.6638568710768175 0
1594200358940 0.6638568697838894 0
