1594200230909 -0.001503729442901145 0
1594200236703 -0.001521750951929904 0
1594200241287 -0.0015118980401469411 0
1594200245955 -0.0015101102866722624 0
1594200250846 -0.0014793073594776265 0
1594200258531 -0.0015037292468047523 0
1594200263104 -0.001491547563643181 0
1594200268158 -0.0015054903106236515 0
1594200279420 -0.0014894813334757747 0
1594200284059 -0.0014793072159119667 0
1594200291330 -0.0015118975520076136 0
1594200303281 -0.0015028331229303936 0
1594200308319 -0.0014111039082834432 0
1594200314752 -0.0014111004309369367 0
1594200319659 -0.001410995423664729 0
1594200335203 -0.001411074344991059 0
1594200340203 -0.0014112467486450554 0
1594200345286 -0.0014126052522474325 0
1594200354049 -0.0014125951287056924 0
1594200358824 -0.001385591600284712 0
