1594200230978 1.533436409762835 0
1594200236786 1.5334391494354975 0
1594200241369 1.53343899938525 0
1594200246040 1.5334387556022164 0
1594200250929 1.5334389989944164 0
1594200258614 1.5334388916292798 0
1594200263184 1.5334390419347086 0
1594200268241 1.5334391719708238 0
1594200279499 1.5334388914668475 0
1594200284151 1.533439005204325 0
1594200291409 1.533439187647714 0
1594200303364 1.5334389529762482 0
1594200308412 1.5334389954087597 0
1594200314826 1.533439012633403 0
1594200319747 1.533439008662292 0
1594200335293 1.5334388073839853 0
1594200340283 1.5334389233330048 0
1594200345364 1.5334388527063147 0
1594200354144 1.5334390105918014 0
1594200358923 1.5334390204627628 0
