1594200230961 0.5625888723303701 0
1594200236768 0.5627534182460558 0
1594200241351 0.5627533907115904 0
1594200246023 0.562753356266031 0
1594200250912 0.5627533121445036 0
1594200258597 0.562753249542713 0
1594200263167 0.5627532262639641 0
1594200268224 0.5627532013608197 0
1594200279482 0.5627531233925902 0
1594200284130 0.562753088095634 0
1594200291392 0.5627530481845981 0
1594200303347 0.5627529765243732 0
1594200308394 0.5627529491788532 0
1594200314809 0.5627529099397015 0
1594200319731 0.5627528868557896 0
1594200335276 0.5627528001023431 0
1594200340266 0.5627527776857494 0
1594200345347 0.5627527474778586 0
1594200354126 0.5627526936116196 0
1594200358906 0.5627526706866943 0
