1594200231007 -0.09875113996280815 0
1594200236815 -0.09875113648927118 0
1594200241400 -0.09875113661750416 0
1594200246068 -0.09875113473124332 0
1594200250958 -0.09875114978109267 0
1594200258643 -0.09875113823579772 0
1594200263213 -0.09875113631636229 0
1594200268270 -0.09875113646189343 0
1594200279527 -0.09875113678959596 0
1594200284185 -0.09875113691135282 0
1594200291437 -0.09875113710571647 0
1594200303393 -0.09875113740368609 0
1594200308440 -0.09875113751195132 0
1594200314856 -0.09875113765501688 0
1594200319776 -0.0987511357978964 0
1594200335324 -0.09875113611773706 0
1594200340312 -0.09875113621791674 0
1594200345392 -0.09875113631307535 0
1594200354172 -0.0987511364892504 0
1594200358950 -0.09875113657356611 0
