1594200231018 -0.0014078591502949094 0
1594200236827 -0.0014079582304287147 0
1594200241411 -0.0014080170178358837 0
1594200246081 -0.001408096079412715 0
1594200250969 -0.0014075681498520872 0
1594200258655 -0.0014078217748419342 0
1594200263224 -0.001407892434006451 0
1594200268282 -0.0014079569367539395 0
1594200279540 -0.0014081087711231709 0
1594200284198 -0.001408167690471285 0
1594200291449 -0.00140826459116689 0
1594200303405 -0.0014084205608141177 0
1594200308452 -0.00140847951522439 0
1594200314866 -0.0014085593874728004 0
1594200319787 -0.0014086322196422943 0
1594200335335 -0.0014088121228564424 0
1594200340324 -0.001408870933960033 0
1594200345404 -0.001408927819588465 0
1594200354183 -0.001409036272615103 0
1594200358962 -0.0014090895528304503 0
