1594200230902 -0.09851231114228627 0
1594200236682 -0.09851160884277166 0
1594200241271 -0.09851228720172937 0
1594200245939 -0.09851242893747568 0
1594200250830 -0.09851181318306239 0
1594200258515 -0.09851231114410854 0
1594200263088 -0.09851203999779247 0
1594200268143 -0.09851189323119082 0
1594200279404 -0.09851173190733208 0
1594200284042 -0.09851181318454984 0
1594200291314 -0.0985122872051077 0
1594200303266 -0.09851161583330177 0
1594200308304 -0.09850858781885045 0
1594200314736 -0.0985085877980911 0
1594200319644 -0.09850858725262651 0
1594200335189 -0.09850858764820218 0
1594200340187 -0.09850859012627759 0
1594200345270 -0.09850853513229157 0
1594200354037 -0.0985085351469153 0
1594200358812 -0.09850918173593917 0
