1594200230872 0.252158 0
1594200236609 0.14646553 0
1594200241194 -0.6890873 0
1594200245867 -0.7387268 0
1594200250756 -0.7030573 0
1594200258440 0.97426486 0
1594200263014 -0.100639634 0
1594200268068 0.047566745 0
1594200279325 0.48918405 0
1594200283962 -0.19166155 0
1594200291237 0.5711691 0
1594200303193 0.8631538 0
1594200308238 -0.7812478 0
1594200314649 0.53034043 0
1594200319573 -0.40148467 0
1594200335118 0.93869007 0
1594200340106 -0.23710226 0
1594200345192 -0.3953831 0
1594200353979 0.54652613 0
1594200358756 -0.853681 0
