1594200230857 0.003339753 0
1594200236596 0.09535338 0
1594200241178 -0.21809593 0
1594200245853 0.051505614 0
1594200250741 0.57717097 0
1594200258426 0.3986562 0
1594200262997 -0.54924697 0
1594200268053 -0.6332789 0
1594200279310 -0.6697618 0
1594200283947 -0.21800323 0
1594200291220 -0.5457256 0
1594200303178 0.6679739 0
1594200308224 -0.5518255 0
1594200314634 0.15786403 0
1594200319560 0.520378 0
1594200335102 0.948129 0
1594200340090 -0.79547304 0
1594200345177 -0.4108471 0
1594200353966 -0.7259838 0
1594200358746 -0.6069175 0
