1594201240556 0.5489208 0
1594201246859 0.81059 0
1594201253583 -0.33307782 0
1594201257483 -0.45826715 0
1594201263783 -0.056310367 0
1594201278362 0.98572624 0
1594201291817 -0.93255347 0
1594201299510 0.90300775 0
1594201303686 0.35944793 0
1594201311271 -0.06486413 0
1594201319286 0.95003235 0
1594201323226 -0.35743007 0
1594201327570 -0.8551062 0
1594201332721 0.51305425 0
1594201345308 0.6212631 0
1594201349140 0.66277033 0
1594201362323 0.01630984 0
1594201371122 -0.61504954 0
1594201375033 0.88971806 0
1594201379596 -0.0066114794 0
