1594201240549 0.7653389 0
1594201246842 0.8866764 0
1594201253565 0.34475464 0
1594201257469 0.45934168 0
1594201263765 0.7968772 0
1594201278349 0.22909668 0
1594201291801 -0.2301924 0
1594201299491 -0.11778609 0
1594201303668 0.48297867 0
1594201311255 -0.13217814 0
1594201319271 0.10537107 0
1594201323207 -0.90799004 0
1594201327556 -0.32063675 0
1594201332705 -0.2199515 0
1594201345294 0.027284758 0
1594201349128 0.66946197 0
1594201362307 0.794667 0
1594201371106 0.44157326 0
1594201375024 0.18296218 0
1594201379580 -0.078144 0
