1594201240764 0.602297255681521 0
1594201247105 0.6022972553947368 0
1594201253827 0.6022972550535826 0
1594201257721 0.6022972548698745 0
1594201264037 0.6022972464291605 0
1594201278609 0.6022972557206691 0
1594201292058 0.6022972640568451 0
1594201299750 0.6022972610043241 0
1594201303922 0.6022972611171399 0
1594201311522 0.6022972681615875 0
1594201319540 0.602297278664507 0
1594201323487 0.602297279839304 0
1594201327959 0.6022972880046642 0
1594201332959 0.6022973197100016 0
1594201345563 0.6022973229695534 0
1594201349391 0.6022973305544362 0
1594201362567 0.602297349511227 0
1594201371383 0.6022973617383933 0
1594201375297 0.6022973709819623 0
1594201379876 0.6022973760106368 0
