1594201240716 0.7115643310965631 0
1594201247058 0.7115755999959048 0
1594201253775 0.7115872771308722 0
1594201257673 0.7115933619796555 0
1594201263991 0.7116041656357667 0
1594201278561 0.7116326603019882 0
1594201292009 0.7116608100976729 0
1594201299696 0.7116737234115778 0
1594201303879 0.7116787297197769 0
1594201311465 0.6453266117020023 0
1594201319493 0.6453270414678925 0
1594201323433 0.6453270465933562 0
1594201327878 0.6453271387590567 0
1594201332911 0.6453275571114461 0
1594201345515 0.6417180502525552 0
1594201349343 0.6417180523636025 0
1594201362518 0.6417180683286378 0
1594201371327 0.6417180803686381 0
1594201375247 0.6417180850441989 0
1594201379822 0.6417180913013286 0
