1594201240679 -0.09857853200396552 0
1594201247025 -0.09857853241178496 0
1594201253743 -0.09857853941004698 0
1594201257642 -0.09857852553002713 0
1594201263959 -0.09857854052798526 0
1594201278528 -0.09857854141081714 0
1594201291977 -0.09857854148056741 0
1594201299661 -0.0985785406112567 0
1594201303847 -0.09857853958927312 0
1594201311429 -0.09857854141081189 0
1594201319460 -0.09857854141081067 0
1594201323400 -0.09857852873191517 0
1594201327817 -0.09857853786459196 0
1594201332879 -0.09857854148056157 0
1594201345474 -0.09857854141080773 0
1594201349311 -0.09857853231837946 0
1594201362484 -0.09857854148055682 0
1594201371289 -0.09857853180971576 0
1594201375216 -0.09857852856448374 0
1594201379788 -0.09857852866101723 0
