1594201240700 -0.002452711900593509 0
1594201247042 -0.002452731443989193 0
1594201253759 -0.0024527041796553973 0
1594201257658 -0.0024528952962538262 0
1594201263974 -0.0024526592015042107 0
1594201278545 -0.002452614749808381 0
1594201291992 -0.0024529746730612987 0
1594201299678 -0.0024524818182195345 0
1594201303864 -0.0024525346149864517 0
1594201311445 -0.002452614708170489 0
1594201319477 -0.0024526148572430327 0
1594201323418 -0.002452806074351972 0
1594201327848 -0.002452749811307672 0
1594201332896 -0.002452974648889435 0
1594201345494 -0.0024526148622709934 0
1594201349327 -0.0024529151645643825 0
1594201362502 -0.002452974866105664 0
1594201371310 -0.002452844492819381 0
1594201375232 -0.002452797620457144 0
1594201379805 -0.002452802253325532 0
