1594201240627 -0.07847429303491124 0
1594201246978 -0.07847428540109926 0
1594201253694 -0.07847443743949327 0
1594201257595 -0.07847449565413885 0
1594201263912 -0.07847457581910136 0
1594201278480 -0.07847490128665487 0
1594201291927 -0.07847483707396241 0
1594201299615 -0.07847488579730744 0
1594201303798 -0.07847429654167576 0
1594201311380 -0.07847426707857792 0
1594201319406 -0.07847426442671138 0
1594201323347 -0.07847425675687009 0
1594201327727 -0.07847426727195563 0
1594201332831 -0.07846407365476973 0
1594201345424 -0.07847415499528174 0
1594201349261 -0.07847415952271349 0
1594201362432 -0.07847415311249577 0
1594201371241 -0.07847413581784636 0
1594201375166 -0.07847413770626797 0
1594201379731 -0.07847415388115976 0
