1594201240589 -0.0008140625402562236 0
1594201246929 -0.0008142084506897597 0
1594201253654 -0.0008143521392940621 0
1594201257549 -0.0008144235720815778 0
1594201263871 -0.0008145488327339666 0
1594201278429 -0.0008148348203589145 0
1594201291884 -0.0008150626272266236 0
1594201299574 -0.0008151752132704195 0
1594201303757 -0.0008152226999201201 0
1594201311339 -0.0008164325356963841 0
1594201319356 -0.0008193079309662006 0
1594201323298 -0.0008136842304304347 0
1594201327642 -0.0008137813343057248 0
1594201332791 -0.0008138845102704607 0
1594201345376 -0.0008141336619033455 0
1594201349207 -0.0008142042517039223 0
1594201362386 -0.0008144588872850636 0
1594201371199 -0.0008136115331398864 0
1594201375090 -0.0008135612944011067 0
1594201379666 -0.0008136559650343553 0
