1594201240779 -0.09828585032008048 0
1594201247120 -0.09828585053953591 0
1594201253844 -0.09828585043060661 0
1594201257737 -0.09828585046959032 0
1594201264052 -0.09828583387089203 0
1594201278626 -0.09828583558459951 0
1594201292075 -0.09828583824887507 0
1594201299767 -0.09828583272826778 0
1594201303936 -0.09828583252629827 0
1594201311540 -0.09828583306237024 0
1594201319555 -0.09828583279137061 0
1594201323501 -0.09828583424562122 0
1594201327989 -0.09828582714850097 0
1594201332974 -0.09828582965904632 0
1594201345579 -0.09828582755946318 0
1594201349407 -0.09828583571296268 0
1594201362582 -0.09828583273790997 0
1594201371400 -0.09828583084063215 0
1594201375313 -0.09828583636702896 0
1594201379893 -0.09828583699407305 0
