1594201240637 3.0198777719178445 0
1594201246985 3.0198646739640727 0
1594201253701 3.0198499047171787 0
1594201257604 3.019836919895745 0
1594201263919 3.0198185616024147 0
1594201278489 3.0197462128598667 0
1594201291935 3.019716211524205 0
1594201299623 3.0197033362064696 0
1594201303807 3.0198889572435426 0
1594201311390 3.0198772374037635 0
1594201319417 3.0198775619670624 0
1594201323355 3.0198772801888936 0
1594201327742 3.0198773068491542 0
1594201332839 3.0170391601645905 0
1594201345433 3.019860946937673 0
1594201349271 3.0198616544344192 0
1594201362443 3.019860958279441 0
1594201371249 3.019861048034948 0
1594201375173 3.019861414838043 0
1594201379743 3.0198610561296557 0
