1594201240573 -0.2912683874252338 0
1594201246893 -0.29126831491465466 0
1594201253619 -0.2912682376613061 0
1594201257515 -0.29126819679338456 0
1594201263840 -0.2912681208069653 0
1594201278395 -0.2912679223913941 0
1594201291851 -0.2912677321388137 0
1594201299549 -0.2912676238406357 0
1594201303724 -0.29126757474831566 0
1594201311306 -0.2912676112499687 0
1594201319322 -0.29126787735908194 0
1594201323264 -0.2912679055298177 0
1594201327605 -0.2912678600740881 0
1594201332756 -0.2912678091442801 0
1594201345340 -0.29126767353597727 0
1594201349168 -0.29126763143639656 0
1594201362352 -0.2912674629463384 0
1594201371161 -0.29126735859116976 0
1594201375057 -0.29126732367970987 0
1594201379633 -0.2912672778352387 0
