1594201240805 -1.6361642416108217 0
1594201247154 -1.6361641600620538 0
1594201253867 -1.6361639915031474 0
1594201257760 -1.6361639914732278 0
1594201264076 -1.6361640127066683 0
1594201278652 -1.6361656937256241 0
1594201292099 -1.6361672951653585 0
1594201299791 -1.6361673029778419 0
1594201303958 -1.6361673842350217 0
1594201311570 -1.63616890519971 0
1594201319582 -1.6361712644243018 0
1594201323524 -1.6361715190035555 0
1594201328031 -1.6361735429530067 0
1594201333001 -1.6361798615368024 0
1594201345605 -1.6361813861030954 0
1594201349431 -1.6361829875411258 0
1594201362607 -1.6361870353028116 0
1594201371425 -1.6361901586675678 0
1594201375339 -1.6361918392379786 0
1594201379916 -1.6361929361784084 0
