1594201240564 0.42586614794806477 0
1594201246876 0.4258662106007025 0
1594201253601 0.4258662779343366 0
1594201257500 0.4258663137769125 0
1594201263812 0.425866380794395 0
1594201278380 0.4258665578069706 0
1594201291833 0.4258667298253307 0
1594201299529 0.4258668285784527 0
1594201303705 0.4258668735209778 0
1594201311287 0.4258667764922604 0
1594201319304 0.4258663723598639 0
1594201323244 0.4258663313898873 0
1594201327589 0.42586637039144426 0
1594201332738 0.42586641436321687 0
1594201345325 0.4258665327037379 0
1594201349154 0.4258665697772988 0
1594201362340 0.425866719518899 0
1594201371139 0.4258668140918187 0
1594201375041 0.42586684428633276 0
1594201379614 0.42586688378165083 0
