1594201240604 0.6829178015820903 0
1594201246949 0.6829193656216563 0
1594201253671 0.6829210819300658 0
1594201257572 0.6829220442995704 0
1594201263888 0.6829236645274854 0
1594201278457 0.6829281718858607 0
1594201291904 0.6829324146579204 0
1594201299590 0.6829348849240696 0
1594201303775 0.6829360158323732 0
1594201311357 0.6829341306565441 0
1594201319377 0.6829253235039546 0
1594201323316 0.6829245177575283 0
1594201327681 0.6829254963825121 0
1594201332807 0.6829266272764415 0
1594201345402 0.6829296267593461 0
1594201349237 0.6829305891354748 0
1594201362410 0.6829343026497983 0
1594201371216 0.6829367174799328 0
1594201375122 0.6829374714206251 0
1594201379693 0.6829384899679384 0
