1594201240655 -1.048010271927844 0
1594201247002 -1.0480265833548879 0
1594201253717 -1.0480437731491015 0
1594201257619 -1.0480469936665524 0
1594201263936 -1.0480528786173764 0
1594201278505 -1.048068864819165 0
1594201291953 -1.0480017297400366 0
1594201299638 -1.0479909202600193 0
1594201303823 -1.047929327822744 0
1594201311406 -1.047944043898109 0
1594201319434 -1.0479456143732646 0
1594201323374 -1.0479460973750496 0
1594201327773 -1.0479469079103452 0
1594201332855 -1.8008343846707249 0
1594201345450 -1.799960315909613 0
1594201349287 -1.7999546976927647 0
1594201362459 -1.79993093131829 0
1594201371264 -1.7999144369537363 0
1594201375190 -1.799908652499352 0
1594201379761 -1.7999006424232271 0
