1594201240645 0.3106920965394509 0
1594201246993 0.31073252046178274 0
1594201253709 0.3107655365459709 0
1594201257610 0.3108001345979582 0
1594201263928 0.3108489119321878 0
1594201278498 0.3110418511608416 0
1594201291945 0.3111354872015562 0
1594201299630 0.31117022968512487 0
1594201303814 0.3106610916560244 0
1594201311398 0.31068742898065715 0
1594201319424 0.31068661480701093 0
1594201323363 0.3106866797228529 0
1594201327757 0.31068749093076314 0
1594201332848 0.31972362492705897 0
1594201345440 0.31073650659229635 0
1594201349279 0.3107344375962707 0
1594201362451 0.310736689689298 0
1594201371256 0.31073485911721055 0
1594201375182 0.3107341416533997 0
1594201379751 0.3107365085987645 0
