1594201240596 0.0006947241997658924 0
1594201246941 0.0006939187694116599 0
1594201253662 0.0006930587776462727 0
1594201257563 0.0006926031523657783 0
1594201263880 0.0006917546105615621 0
1594201278446 0.0006895324765989887 0
1594201291894 0.0006873942242435397 0
1594201299582 0.0006861742704442497 0
1594201303766 0.0006856207307812932 0
1594201311347 0.0006862644906565785 0
1594201319367 0.0006898558727287048 0
1594201323307 0.000684260022842798 0
1594201327655 0.0006837559583677495 0
1594201332800 0.0006831903338062987 0
1594201345392 0.0006816801249315376 0
1594201349229 0.0006812102055606683 0
1594201362401 0.0006793248868040776 0
1594201371208 0.0006771172823536761 0
1594201375105 0.0006768114911201421 0
1594201379681 0.0006763026187101329 0
