1594201240707 0.4938361511497665 0
1594201247050 0.4938360933690194 0
1594201253767 0.49383594838586664 0
1594201257665 0.4938358332557921 0
1594201263982 0.4938356590527329 0
1594201278554 0.4938351963297006 0
1594201292000 0.49383479237856354 0
1594201299687 0.4938345888537801 0
1594201303873 0.49383447342664016 0
1594201311453 0.49383424220398814 0
1594201319484 0.49383403991489433 0
1594201323425 0.4938340121161367 0
1594201327863 0.49383395355043935 0
1594201332903 0.49383380935443644 0
1594201345503 0.4938335195043861 0
1594201349336 0.49383340463728115 0
1594201362511 0.49383302885785074 0
1594201371320 0.4938327682287948 0
1594201375240 0.4938327687742955 0
1594201379812 0.4938327398710268 0
