1594201240619 0.10407435738157696 0
1594201246969 0.1040731050603693 0
1594201253686 0.10407199568920657 0
1594201257587 0.10407151570006815 0
1594201263903 0.10407075167594641 0
1594201278473 0.10406819009082842 0
1594201291920 0.10407062145113109 0
1594201299606 0.1040707022611184 0
1594201303790 0.10407866016940046 0
1594201311372 0.10407781073399079 0
1594201319397 0.10407773661998158 0
1594201323334 0.10407771612918276 0
1594201327711 0.10407765992070199 0
1594201332824 0.08326430501095845 0
1594201345416 0.08346602986547787 0
1594201349251 0.08346567544325396 0
1594201362424 0.0834638442304714 0
1594201371231 0.08346266355895762 0
1594201375154 0.08346225469303684 0
1594201379717 0.08346160564386555 0
