1594201240740 -1.4425258763714985 0
1594201247082 -1.442528569313323 0
1594201253800 -1.4425276552475077 0
1594201257697 -1.4425283806776856 0
1594201264014 -1.4425255599900944 0
1594201278584 -1.4425277972598338 0
1594201292032 -1.4425269885280154 0
1594201299722 -1.4425247995661716 0
1594201303902 -1.44252807612258 0
1594201311493 -0.0023512450538113075 0
1594201319516 -0.0023724760859647758 0
1594201323459 -0.0023726561119237453 0
1594201327914 -0.0023765331205693615 0
1594201332935 -0.0023983820580550682 0
1594201345539 -0.003868840313319158 0
1594201349367 -0.003869227081066556 0
1594201362543 -0.0038698560224583347 0
1594201371357 -0.0038701739868558546 0
1594201375272 -0.0038704111288357275 0
1594201379848 -0.0038705147746463955 0
