1594201240580 -0.09877489670152544 0
1594201246911 -0.09877490032285177 0
1594201253635 -0.09877490395798955 0
1594201257533 -0.09877490579596895 0
1594201263863 -0.09877490906996315 0
1594201278413 -0.09877491684738393 0
1594201291867 -0.0987749234292571 0
1594201299565 -0.09877492685656225 0
1594201303742 -0.09877492834243477 0
1594201311324 -0.09877494880009913 0
1594201319340 -0.09877499960462902 0
1594201323282 -0.0987749005695235 0
1594201327623 -0.09877490294492279 0
1594201332773 -0.09877490550179865 0
1594201345359 -0.09877491182820873 0
1594201349181 -0.09877491366417103 0
1594201362367 -0.09877492048918053 0
1594201371180 -0.09877490673315109 0
1594201375073 -0.0987749061027449 0
1594201379649 -0.09877490843742041 0
