1594201240691 -0.0015594513824202128 0
1594201247033 -0.0015594521512779457 0
1594201253750 -0.0015590692524666023 0
1594201257651 -0.0015593259339992246 0
1594201263966 -0.0015590078965932168 0
1594201278536 -0.001558946927526824 0
1594201291985 -0.0015594238880951314 0
1594201299671 -0.0015587297242498502 0
1594201303855 -0.0015588321438457032 0
1594201311437 -0.0015589469376397498 0
1594201319468 -0.0015589470115270796 0
1594201323408 -0.001559722176618773 0
1594201327833 -0.0015591311063805138 0
1594201332886 -0.0015594239247133292 0
1594201345484 -0.0015589470566060933 0
1594201349320 -0.0015593487950258255 0
1594201362493 -0.0015594239840354693 0
1594201371300 -0.0015592583618787553 0
1594201375224 -0.0015597329573331196 0
1594201379797 -0.001559726103630386 0
