1594201240747 1.0785921118499122 0
1594201247089 1.0785923973518639 0
1594201253809 1.0785921661886677 0
1594201257704 1.0785928460998888 0
1594201264022 1.0785926062659874 0
1594201278594 1.078592201497487 0
1594201292043 1.0785920736355687 0
1594201299735 1.0785925681407074 0
1594201303908 1.0785922172484577 0
1594201311503 -0.0031082447951026044 0
1594201319524 -0.0031058552450308565 0
1594201323467 -0.0031061653059854554 0
1594201327929 -0.003104844872777293 0
1594201332943 -0.00310337236502079 0
1594201345547 -0.0028051863378246423 0
1594201349375 -0.002805569725891495 0
1594201362551 -0.002805791484895954 0
1594201371366 -0.002805750423386077 0
1594201375280 -0.002805881697352531 0
1594201379857 -0.002805782769515944 0
