1594201240732 -0.03592580404945823 0
1594201247073 -0.035925803912249546 0
1594201253791 -0.03592580434349262 0
1594201257688 -0.03592581587459611 0
1594201264005 -0.035925816588553025 0
1594201278576 -0.03592580898790025 0
1594201292024 -0.035925806416606546 0
1594201299713 -0.035925816871036076 0
1594201303894 -0.035925803230185335 0
1594201311482 -0.07741026062080056 0
1594201319508 -0.07741027710762316 0
1594201323449 -0.07741027799774104 0
1594201327901 -0.07741027913241616 0
1594201332926 -0.07741029708249657 0
1594201345530 -0.0774112464117691 0
1594201349358 -0.07741125167677379 0
1594201362535 -0.07741125566694132 0
1594201371351 -0.07741125614623391 0
1594201375264 -0.0774112581675018 0
1594201379839 -0.07741125742475526 0
