1594201240611 0.3714863220299103 0
1594201246959 0.3714875560283697 0
1594201253678 0.3714887800713985 0
1594201257580 0.3714893465241673 0
1594201263896 0.3714902365175926 0
1594201278464 0.3714932827179881 0
1594201291912 0.3714908602919924 0
1594201299598 0.37149081466079276 0
1594201303782 0.3714816604215528 0
1594201311365 0.3714826465618673 0
1594201319385 0.3714827195677352 0
1594201323326 0.37148274786172003 0
1594201327696 0.37148279689617464 0
1594201332815 0.3808281340151624 0
1594201345409 0.38081588893276797 0
1594201349244 0.38081590889501576 0
1594201362417 0.3808161000534562 0
1594201371224 0.38081623132974857 0
1594201375138 0.38081627695509884 0
1594201379705 0.38081632567622137 0
