1594201240772 0.38056597461093167 0
1594201247113 0.38056597187290203 0
1594201253836 0.38056596878790333 0
1594201257729 0.3805659671471376 0
1594201264044 0.3805659743824946 0
1594201278617 0.38056601471716967 0
1594201292066 0.3805660557329144 0
1594201299757 0.3805660596104089 0
1594201303929 0.38056605971595997 0
1594201311532 0.3805660977486587 0
1594201319548 0.380566158078181 0
1594201323494 0.380566163277309 0
1594201327974 0.3805662145751461 0
1594201332967 0.3805663740784705 0
1594201345571 0.3805664148192229 0
1594201349400 0.38056645313461 0
1594201362576 0.3805665577860579 0
1594201371391 0.38056663708006455 0
1594201375304 0.3805666784703757 0
1594201379884 0.3805667049803959 0
