1594201240723 0.20652406852659289 0
1594201247066 0.20652185241409332 0
1594201253783 0.20651960461933677 0
1594201257680 0.20651837899817282 0
1594201263997 0.20651631105647783 0
1594201278569 0.20651099398655476 0
1594201292017 0.206505759259957 0
1594201299703 0.20650325996235144 0
1594201303886 0.20650229910128864 0
1594201311473 0.23876042556275814 0
1594201319501 0.23876068934479908 0
1594201323441 0.23876070202699093 0
1594201327890 0.23876073549687615 0
1594201332919 0.23876101693431495 0
1594201345523 0.23690362561110775 0
1594201349351 0.23690363759880173 0
1594201362527 0.2369036525614762 0
1594201371340 0.2369036580752846 0
1594201375256 0.23690366431557813 0
1594201379831 0.23690366502079152 0
