1594201240664 0.6505904569464643 0
1594201247011 0.6505904577409962 0
1594201253725 0.6505904610985455 0
1594201257626 0.6505904624080124 0
1594201263943 0.6505904659781413 0
1594201278513 0.6505904739510961 0
1594201291961 0.6505904805043715 0
1594201299646 0.6505904856478218 0
1594201303831 0.6505904873496989 0
1594201311414 0.6505904909784058 0
1594201319442 0.6505904949198877 0
1594201323385 0.6505904948539397 0
1594201327787 0.6505904963079963 0
1594201332864 0.6505904979899003 0
1594201345458 0.6505905044238575 0
1594201349297 0.6505905055285115 0
1594201362470 0.6505905121398813 0
1594201371273 0.6505905166720288 0
1594201375200 0.6505905167998001 0
1594201379770 0.6505905173491436 0
