1594201240796 -0.00842614181026408 0
1594201247139 -0.008426129739060111 0
1594201253859 -0.008426120952555929 0
1594201257753 -0.008426116581955703 0
1594201264068 -0.008429607758603137 0
1594201278641 -0.008428341414636617 0
1594201292091 -0.00842804120968812 0
1594201299783 -0.008429726012509303 0
1594201303950 -0.008429757434251506 0
1594201311560 -0.00842967024898279 0
1594201319572 -0.008429517156926854 0
1594201323516 -0.008429613165201012 0
1594201328020 -0.008429642245994405 0
1594201332993 -0.008428165902879233 0
1594201345596 -0.008429599220802924 0
1594201349422 -0.008429409486501161 0
1594201362599 -0.008428986424299557 0
1594201371417 -0.008429503548482962 0
1594201375331 -0.008428821238233256 0
1594201379910 -0.008428746913920176 0
