1594201240671 -0.2819938983755705 0
1594201247017 -0.2819938963115486 0
1594201253736 -0.28199388924039825 0
1594201257633 -0.2819938848117946 0
1594201263951 -0.28199387753916977 0
1594201278520 -0.2819938582358501 0
1594201291969 -0.28199383986842297 0
1594201299653 -0.2819938304544355 0
1594201303839 -0.2819938258464586 0
1594201311421 -0.2819938164008672 0
1594201319450 -0.2819938067168764 0
1594201323393 -0.2819938041272885 0
1594201327803 -0.28199380238617 0
1594201332871 -0.2819937968512798 0
1594201345465 -0.2819937833098771 0
1594201349304 -0.28199377869530284 0
1594201362477 -0.281993762085802 0
1594201371282 -0.2819937517523799 0
1594201375208 -0.28199375012018835 0
1594201379779 -0.28199374875993855 0
