1594201240756 -1.8011106738126317 0
1594201247097 -1.8008402354786839 0
1594201253819 -1.800554592663933 0
1594201257713 -1.8004074583868104 0
1594201264029 -1.8001393158599126 0
1594201278602 -1.7994455090870183 0
1594201292050 -1.7987558573350984 0
1594201299743 -1.7984370057014762 0
1594201303915 -1.7983207274035458 0
1594201311510 -0.9123832258416115 0
1594201319532 -0.9123830351524996 0
1594201323478 -0.9123829284799253 0
1594201327945 -0.9123828705182927 0
1594201332951 -0.9123827313465849 0
1594201345556 -0.978091780364065 0
1594201349384 -0.9780917790798745 0
1594201362559 -0.9780915639116187 0
1594201371374 -0.9780914583090936 0
1594201375289 -0.9780914577223685 0
1594201379867 -0.978091349147432 0
