1594201240789 -0.0005578030801777868 0
1594201247128 -0.0005578167025326933 0
1594201253851 -0.0005578315376759071 0
1594201257745 -0.000557838928627704 0
1594201264060 -0.0005525700994003593 0
1594201278634 -0.0005535950716131971 0
1594201292083 -0.0005541022268046259 0
1594201299776 -0.0005521379354337716 0
1594201303944 -0.0005521922074867806 0
1594201311549 -0.0005524433762834747 0
1594201319563 -0.0005523962581693572 0
1594201323509 -0.0005526091877935857 0
1594201328005 -0.0005521414305594666 0
1594201332983 -0.0005542284867475739 0
1594201345588 -0.0005522179093776926 0
1594201349414 -0.0005527181584801623 0
1594201362590 -0.0005531541457073811 0
1594201371408 -0.0005523179212200248 0
1594201375322 -0.0005534107837853296 0
1594201379901 -0.0005536665823388163 0
