1594201240540 -0.68689257 0
1594201246826 -0.73481375 0
1594201253549 0.5609283 0
1594201257454 -0.90339124 0
1594201263749 0.42893156 0
1594201278335 0.80926687 0
1594201291784 -0.8841938 0
1594201299469 0.9801371 0
1594201303651 -0.08477797 0
1594201311237 0.36772427 0
1594201319253 0.4308482 0
1594201323188 -0.39786416 0
1594201327540 -0.024602732 0
1594201332688 0.13236657 0
1594201345279 0.31206867 0
1594201349114 -0.86837316 0
1594201362290 0.76253474 0
1594201371090 -0.9661202 0
1594201375013 -0.72172403 0
1594201379562 -0.38348037 0
