1594201240526 0.9242487 0
1594201246810 0.7695984 0
1594201253531 -0.37311825 0
1594201257437 -0.1390635 0
1594201263734 -0.14826798 0
1594201278318 0.53669745 0
1594201291767 0.953736 0
1594201299445 0.26877826 0
1594201303633 -0.8175535 0
1594201311219 0.5869931 0
1594201319234 -0.14288673 0
1594201323173 0.022406228 0
1594201327525 0.1515944 0
1594201332669 -0.72836226 0
1594201345264 0.7055773 0
1594201349100 -0.058131 0
1594201362274 -0.733697 0
1594201371075 -0.11813628 0
1594201375003 -0.112761505 0
1594201379545 0.92988145 0
